12.701329231262207
9.935184478759766
8.650927543640137
8.052776336669922
7.633893966674805
7.386679172515869
7.287868499755859
7.25384521484375
7.152003288269043
7.165765762329102
7.028478622436523
7.085003852844238
6.986021041870117
6.983739852905273
6.950594902038574
6.9731268882751465
6.942518711090088
6.913893222808838
6.955227851867676
6.8134613037109375
6.8275251388549805
6.7973432540893555
6.826443672180176
6.7206597328186035
6.720704078674316
6.609304428100586
6.615467548370361
6.624855995178223
6.5522284507751465
6.533549785614014
6.445685863494873
6.559197425842285
6.481870174407959
6.517104625701904
6.457325458526611
6.393520355224609
6.372189521789551
6.300518989562988
6.296381950378418
6.295188903808594
6.303071022033691
6.322338581085205
6.26774787902832
6.213822841644287
6.1815338134765625
6.111503601074219
6.078794956207275
6.130912780761719
6.092247009277344
6.0462822914123535
5.986690044403076
6.03801965713501
5.983631134033203
5.88351583480835
5.996763706207275
5.906427383422852
5.964556694030762
5.916769504547119
5.819093704223633
5.861262321472168
5.762942790985107
5.823996067047119
5.698603630065918
5.712902069091797
5.598956108093262
5.686340808868408
5.681779861450195
5.681540489196777
5.58009147644043
5.584511756896973
5.629019260406494
5.5659027099609375
5.5340962409973145
5.456803321838379
5.423230171203613
5.41152286529541
5.393883228302002
5.364383220672607
5.383449554443359
5.397486209869385
5.402132034301758
5.3200297355651855
5.330667018890381
5.2336955070495605
5.201328277587891
5.1925811767578125
5.19510555267334
5.154432773590088
5.139703273773193
5.108407974243164
5.056295394897461
4.932413578033447
5.028375625610352
4.982717037200928
4.992387771606445
5.071432113647461
4.864166259765625
4.8362627029418945
4.8796162605285645
4.8953351974487305
4.877154350280762
4.882428169250488
4.843559741973877
4.747471809387207
4.738580226898193
4.716056823730469
4.733224391937256
4.58488130569458
4.67196798324585
4.5699639320373535
4.5814690589904785
4.647974967956543
4.567483425140381
4.55322265625
4.526445388793945
4.49897575378418
4.469204902648926
4.509376049041748
4.359299659729004
4.37131404876709
4.367843151092529
4.441066741943359
4.323421478271484
4.327418327331543
4.382445812225342
4.28071403503418
4.296820640563965
4.207837104797363
4.156672477722168
4.149041175842285
4.100157737731934
4.064579486846924
4.050395965576172
4.0156707763671875
4.0200276374816895
3.9473981857299805
3.9836292266845703
3.990891218185425
3.9186205863952637
3.923703193664551
3.864882707595825
3.864586114883423
3.7739310264587402
3.908992052078247
3.76894474029541
3.756621837615967
3.705733299255371
3.681593894958496
3.6630163192749023
3.751290798187256
3.6819236278533936
3.6258678436279297
3.598151206970215
3.61627197265625
3.5685787200927734
3.5064826011657715
3.479245185852051
3.493610382080078
3.4228053092956543
3.438843250274658
3.42183518409729
3.4046103954315186
3.3701186180114746
3.3802788257598877
3.2924036979675293
3.3908965587615967
3.311101198196411
3.274327516555786
3.244629144668579
3.2617392539978027
3.212984800338745
3.117888927459717
3.1400938034057617
3.1791913509368896
3.164533853530884
3.059325695037842
3.0814852714538574
3.0780112743377686
2.9684863090515137
2.9916303157806396
2.9217402935028076
2.951690435409546
2.940012216567993
2.842578887939453
2.8944625854492188
2.8688511848449707
2.8780951499938965
2.773792266845703
2.8273582458496094
2.815385103225708
2.763535261154175
2.744206666946411
2.723759174346924
2.685476779937744
2.651447057723999
2.6662943363189697
2.6936891078948975
2.6199748516082764
2.5516514778137207
2.639890670776367
2.564340591430664
2.5886571407318115
2.54976224899292
2.520197629928589
2.4993972778320312
2.490821599960327
2.4191901683807373
2.443411350250244
2.4425292015075684
2.436134099960327
2.4301016330718994
2.320796251296997
2.3572230339050293
2.2945315837860107
2.3595454692840576
2.2549140453338623
2.2381203174591064
2.191667079925537
2.2305614948272705
2.2505502700805664
2.099228858947754
2.179241180419922
2.074627161026001
2.159208297729492
2.146883487701416
2.1449711322784424
2.187028646469116
2.104212760925293
2.119715929031372
2.0943548679351807
2.042664051055908
2.0369250774383545
1.9999021291732788
1.8814797401428223
1.9545646905899048
1.9015437364578247
1.995140790939331
1.900565266609192
1.9949378967285156
1.9359426498413086
1.9224357604980469
1.858406901359558
1.872491478919983
1.9592703580856323
1.8686869144439697
1.829857349395752
1.870287537574768
1.7726012468338013
1.916501522064209
1.822519302368164
1.845876932144165
1.7430496215820312
1.81861412525177
1.7061411142349243
1.6993260383605957
1.7108955383300781
1.7628406286239624
1.627286434173584
1.728114128112793
1.627515435218811
1.7486464977264404
1.613600730895996
1.6666911840438843
1.6232380867004395
1.6050870418548584
1.5522310733795166
1.6412930488586426
1.566043496131897
1.5684255361557007
1.6019314527511597
1.600690484046936
1.5884718894958496
1.5714653730392456
1.5134416818618774
1.543692708015442
1.4635798931121826
1.432436227798462
1.5019536018371582
1.5111253261566162
1.5052918195724487
1.5510412454605103
1.4550766944885254
1.4484140872955322
1.4661673307418823
1.3583149909973145
1.4025877714157104
1.417704701423645
1.512134313583374
1.4086579084396362
1.4722611904144287
1.3829748630523682
1.3628146648406982
1.4321599006652832
1.3614139556884766
1.4839812517166138
1.3085391521453857
1.355049967765808
1.321036696434021
1.301637887954712
1.37767493724823
1.2412919998168945
1.3582074642181396
1.3448843955993652
1.2732000350952148
1.2653242349624634
1.306944727897644
1.2989153861999512
1.248132348060608
1.1770325899124146
1.1633919477462769
1.4259008169174194
1.3105193376541138
1.3262866735458374
1.2995938062667847
1.256760835647583
1.3615361452102661
1.2418162822723389
1.3189705610275269
1.267850399017334
1.2491527795791626
1.1330552101135254
1.221343755722046
1.2449582815170288
1.1266826391220093
1.2585136890411377
1.235853672027588
1.390251874923706
1.2148940563201904
1.0933951139450073
1.1937953233718872
1.084029197692871
1.1817626953125
1.1895945072174072
1.1766245365142822
1.109680414199829
1.1588186025619507
1.1253067255020142
1.127363920211792
1.1161624193191528
1.2122912406921387
1.171563982963562
1.1795990467071533
1.0666675567626953
1.1310054063796997
1.1240817308425903
1.063664197921753
1.1614365577697754
1.176538109779358
1.0795382261276245
1.071484923362732
1.060425877571106
1.0594964027404785
1.1281936168670654
1.0699396133422852
1.1778380870819092
1.1066434383392334
1.1342144012451172
1.0512412786483765
1.0879638195037842
1.0303995609283447
1.0634583234786987
1.0089153051376343
1.0617058277130127
1.1254830360412598
1.0627800226211548
1.0068715810775757
1.0079702138900757
1.0819114446640015
1.1046680212020874
1.0648080110549927
1.007832646369934
1.0420244932174683
1.059429407119751
1.0104182958602905
1.039236068725586
1.0506601333618164
1.107122778892517
1.0190870761871338
1.0252412557601929
1.029024600982666
1.0179561376571655
0.982212245464325
1.016581654548645
0.9320095777511597
1.0856846570968628
1.029571771621704
0.9914945363998413
0.9917744994163513
0.9402596950531006
1.03755784034729
0.956921398639679
1.0734879970550537
1.0055882930755615
1.049871802330017
0.9681167006492615
1.02230966091156
0.9303052425384521
1.0062780380249023
0.9911231994628906
1.0030330419540405
0.9584784507751465
0.9603890180587769
0.8992250561714172
0.974299430847168
0.9728207588195801
0.9311307072639465
0.969829261302948
1.0307356119155884
0.974146842956543
0.9903813600540161
0.9176658391952515
0.9559677839279175
0.8776521682739258
0.9403431415557861
0.9001485109329224
0.9844342470169067
0.9796245098114014
0.9776567220687866
1.0523260831832886
0.9127140045166016
0.9559833407402039
0.9618931412696838
1.009148120880127
0.9294982552528381
0.9671767354011536
0.8746534585952759
0.9093327522277832
0.9321854710578918
0.8710657954216003
0.8874590992927551
0.8180848360061646
0.9610761404037476
0.9029955863952637
0.9706061482429504
0.899283766746521
0.909412682056427
0.8991093039512634
0.85448157787323
0.8839028477668762
0.8722288012504578
0.9067482352256775
0.9858603477478027
0.9330074191093445
0.9024221301078796
0.9042123556137085
0.8185146450996399
0.8628596663475037
0.9018856883049011
0.9027636051177979
0.8673033118247986
0.8667117357254028
0.9219755530357361
0.864447832107544
0.8027787208557129
0.9245043396949768
0.8912513852119446
0.947715163230896
0.8985556960105896
0.8401591777801514
0.9054164886474609
0.8461601138114929
0.9030136466026306
0.7846823334693909
0.8429070711135864
0.7354230880737305
0.8743525743484497
0.8657941222190857
0.8859566450119019
0.8110283017158508
0.8475556373596191
0.9368816614151001
0.8800613880157471
0.8768405318260193
0.8298721313476562
0.8056036233901978
0.828236997127533
0.8317472338676453
0.8108631372451782
0.8636325001716614
0.8770032525062561
0.9276778101921082
0.8761330842971802
0.8831194639205933
0.8320910930633545
0.8081575036048889
0.8410508632659912
0.8269256353378296
0.8451395034790039
0.8465027809143066
0.8564334511756897
0.8009098768234253
0.7078820466995239
0.8245570659637451
0.8325569033622742
0.8174707293510437
0.9258420467376709
0.7736559510231018
0.7674862146377563
0.8086388111114502
0.8562553524971008
0.8638137578964233
0.8866756558418274
0.853614091873169
0.7993848919868469
0.8261206746101379
0.8186933994293213
0.8563360571861267
0.7420720458030701
0.8417867422103882
0.7505341172218323
0.7852051854133606
0.9035780429840088
0.8363295793533325
0.8588642477989197
0.8444855213165283
0.8442196249961853
0.8087836503982544
0.8999213576316833
0.7791286706924438
0.805220365524292
0.8230904936790466
0.8907142281532288
0.8300787806510925
0.838390052318573
0.9091191291809082
0.8227872252464294
0.874167263507843
0.7943617105484009
0.7892062067985535
0.8048015832901001
0.7744969129562378
0.7765119075775146
0.7857957482337952
0.769623339176178
0.7998235821723938
0.7306238412857056
0.7811299562454224
0.8488703966140747
0.7798072695732117
0.8186824917793274
0.7735863327980042
0.811366617679596
0.7270346879959106
0.8762591481208801
0.7783958911895752
0.7903497219085693
0.7539024353027344
0.7362173199653625
0.7693469524383545
0.8689281940460205
0.810897707939148
0.7710535526275635
0.7948175668716431
0.833472490310669
0.820995032787323
0.7778300642967224
0.7806563377380371
0.8040907979011536
0.7492293119430542
0.7872233390808105
0.7887328267097473
0.7909815311431885
0.7840553522109985
0.810475766658783
0.7573478817939758
0.8564750552177429
0.8228245973587036
0.8010988235473633
0.7969478368759155
0.7915111184120178
0.7995937466621399
0.7162758708000183
0.7842043042182922
0.8315305113792419
0.8351801633834839
0.7416863441467285
0.7854546904563904
0.8075544834136963
0.7414673566818237
0.7714656591415405
0.732409656047821
0.7757153511047363
0.7603592276573181
0.7260606288909912
0.7787334322929382
0.7797985076904297
0.7844071388244629
0.7066478133201599
0.7869718670845032
0.7837486863136292
0.7464230060577393
0.7773928046226501
0.746984601020813
0.742691159248352
0.7177761197090149
0.7549575567245483
0.8135406970977783
0.7432788014411926
0.7010823488235474
0.7927590608596802
0.7513192892074585
0.8157995343208313
0.7835160493850708
0.7928109169006348
0.7576698660850525
0.7661017775535583
0.7268617749214172
0.7593607306480408
0.7473085522651672
0.7935555577278137
0.7854748964309692
0.7193918228149414
0.7610823512077332
0.7332478165626526
0.77884441614151
0.7080754637718201
0.6988384127616882
0.6816565990447998
0.7482644319534302
0.7717037200927734
0.6672104597091675
0.7286929488182068
0.6635162234306335
0.7336360216140747
0.7559091448783875
0.7549080848693848
0.7996637225151062
0.7292405962944031
0.7878562211990356
0.7743799686431885
0.7211283445358276
0.7485290765762329
0.7253451347351074
0.6386502385139465
0.7097171545028687
0.6745209097862244
0.7572224736213684
0.7001058459281921
0.7840483784675598
0.7687035202980042
0.76227867603302
0.6956237554550171
0.7432360649108887
0.7895660996437073
0.7364150285720825
0.7209039330482483
0.7730901837348938
0.7082749009132385
0.8210408091545105
0.766768753528595
0.767070472240448
0.6994093060493469
0.7993876934051514
0.7050091624259949
0.7019522786140442
0.7373297214508057
0.7787137031555176
0.6510685682296753
0.7657709717750549
0.6945787668228149
0.789471447467804
0.6975541114807129
0.7430499196052551
0.7323107719421387
0.7148608565330505
0.6780989170074463
0.7561160922050476
0.6909288763999939
0.7105799317359924
0.7642709016799927
0.7279446721076965
0.7438085675239563
0.7343277931213379
0.7046619057655334
0.7394766211509705
0.6607452034950256
0.6611814498901367
0.700283944606781
0.7224791646003723
0.7459312081336975
0.7722114324569702
0.7103713154792786
0.6924808621406555
0.7122165560722351
0.6413766145706177
0.6886030435562134
0.6936398148536682
0.784812331199646
0.7154891490936279
0.7550649046897888
0.6998428702354431
0.6747771501541138
0.7499849796295166
0.6888136267662048
0.7836568355560303
0.636262059211731
0.7068376541137695
0.6849098205566406
0.6720461249351501
0.7429729700088501
0.6256807446479797
0.7114640474319458
0.7237933278083801
0.6897766590118408
0.673775315284729
0.7194916009902954
0.6979994773864746
0.6712684035301208
0.5982927680015564
0.5813888907432556
0.8353316187858582
0.7306454181671143
0.7386988997459412
0.7207387685775757
0.7120005488395691
0.7947226166725159
0.7049568295478821
0.7754731178283691
0.7128778696060181
0.724147379398346
0.6271134614944458
0.6950644254684448
0.7207169532775879
0.6322442889213562
0.7313399314880371
0.7244682312011719
0.8501863479614258
0.7053921818733215
0.614608108997345
0.6981745958328247
0.6134820580482483
0.7029334902763367
0.7153486609458923
0.70416259765625
0.6372987627983093
0.6983235478401184
0.6675696969032288
0.6767290234565735
0.672580361366272
0.7561810612678528
0.7249930500984192
0.7389383912086487
0.6380943059921265
0.6673218607902527
0.6862319111824036
0.654128909111023
0.7257375121116638
0.7326319813728333
0.6831691861152649
0.6550303101539612
0.6408641934394836
0.6634271144866943
0.7320576310157776
0.6679336428642273
0.7885986566543579
0.7034444212913513
0.7269012331962585
0.6485825181007385
0.6828672289848328
0.6401960849761963
0.6692563891410828
0.6172459125518799
0.6696289777755737
0.7438315749168396
0.6815251708030701
0.6385265588760376
0.6438825726509094
0.7118744254112244
0.7354061603546143
0.699217677116394
0.6618376970291138
0.6804174184799194
0.7048494815826416
0.6528441905975342
0.6872768402099609
0.6967281699180603
0.7417811751365662
0.6590768098831177
0.6862854361534119
0.6717420816421509
0.6860469579696655
0.651295006275177
0.6645443439483643
0.6137572526931763
0.7549712061882019
0.695431113243103
0.670651912689209
0.6726730465888977
0.6127973794937134
0.7027891278266907
0.638771653175354
0.7564001083374023
0.6972410678863525
0.7308188080787659
0.6646175980567932
0.6974870562553406
0.6297571063041687
0.6861925721168518
0.6694364547729492
0.6916801333427429
0.6483429670333862
0.6621617078781128
0.6215900182723999
0.67472904920578
0.6888248324394226
0.6343295574188232
0.6695457100868225
0.7398214936256409
0.6841320991516113
0.6890999674797058
0.6422780752182007
0.6731337904930115
0.6100709438323975
0.6848846077919006
0.6235607862472534
0.7087836265563965
0.7142149209976196
0.7060942053794861
0.7663766741752625
0.6474400162696838
0.69489586353302
0.6897287964820862
0.7291973233222961
0.66850745677948
0.6998021602630615
0.6336082816123962
0.6544999480247498
0.6772561073303223
0.6234827041625977
0.6345000863075256
0.583660364151001
0.6931629776954651
0.6543465852737427
0.7054285407066345
0.6381089687347412
0.6718533635139465
0.6579738259315491
0.623917818069458
0.6461767554283142
0.6430874466896057
0.6538271903991699
0.741752028465271
0.6847515106201172
0.6612979173660278
0.6704617738723755
0.5895136594772339
0.6476553678512573
0.670592188835144
0.6695961356163025
0.6464850306510925
0.645865797996521
0.6864314675331116
0.6380410194396973
0.6020157337188721
0.6892614364624023
0.6734477281570435
0.7203244566917419
0.6689996123313904
0.6216572523117065
0.6775550842285156
0.6355400681495667
0.6621501445770264
0.5759361386299133
0.6397466659545898
0.5357743501663208
0.6540879011154175
0.6548658013343811
0.6554535627365112
0.6054636240005493
0.6400878429412842
0.7257301807403564
0.6751757860183716
0.6775824427604675
0.636545717716217
0.6144154667854309
0.6338794231414795
0.6330349445343018
0.6093059182167053
0.6752989888191223
0.6618935465812683
0.712517499923706
0.6776740550994873
0.6744115352630615
0.6347165107727051
0.6128560304641724
0.6568328142166138
0.6193538904190063
0.6499961018562317
0.6501274704933167
0.6712431311607361
0.6242019534111023
0.5294806361198425
0.6342786550521851
0.6603060364723206
0.6159659028053284
0.7206845879554749
0.6074419617652893
0.5913866758346558
0.6346324682235718
0.6686627268791199
0.6736948490142822
0.6973766088485718
0.6579427123069763
0.6250312328338623
0.6516724228858948
0.6400324702262878
0.6733859181404114
0.5781907439231873
0.6536805033683777
0.5775072574615479
0.6028286218643188
0.724505603313446
0.6605949997901917
0.694685697555542
0.6665989756584167
0.674744725227356
0.6317040920257568
0.7221629023551941
0.6144910454750061
0.6386172771453857
0.6569401025772095
0.7118671536445618
0.6712421774864197
0.6578665375709534
0.7269777655601501
0.6444456577301025
0.6976574659347534
0.6215800642967224
0.6234104633331299
0.6380905508995056
0.6176003813743591
0.6221745610237122
0.6335476636886597
0.608871340751648
0.6383806467056274
0.5670987367630005
0.613556444644928
0.6795804500579834
0.6285703778266907
0.6647899150848389
0.6164060235023499
0.6532119512557983
0.5729261040687561
0.7042860984802246
0.6312418580055237
0.6351193189620972
0.5999233722686768
0.5842333436012268
0.6183317303657532
0.7086451053619385
0.6506277322769165
0.6149700284004211
0.639566957950592
0.6863035559654236
0.678051769733429
0.6301520466804504
0.646450936794281
0.6653018593788147
0.6064572930335999
0.6319654583930969
0.6409638524055481
0.6454305648803711
0.6367401480674744
0.6581984162330627
0.6141234040260315
0.7108208537101746
0.679663360118866
0.6548396348953247
0.6538209915161133
0.6398472189903259
0.6585658192634583
0.5750526189804077
0.6564618945121765
0.6847581267356873
0.6881409287452698
0.5967549681663513
0.6421794295310974
0.6614064574241638
0.6130489706993103
0.6363486051559448
0.6016407608985901
0.646166980266571
0.6322198510169983
0.6041273474693298
0.6432467699050903
0.6580699682235718
0.6485810279846191
0.5729454159736633
0.6481859683990479
0.6351609230041504
0.6164042949676514
0.6555854678153992
0.6190131306648254
0.60578453540802
0.5810772776603699
0.6277994513511658
0.6833305954933167
0.6189332604408264
0.5748438835144043
0.6523978114128113
0.619861900806427
0.6857520341873169
0.6576200723648071
0.6705999970436096
0.6295185685157776
0.6380175352096558
0.6112319231033325
0.6406158208847046
0.614927351474762
0.6594418883323669
0.6528726816177368
0.6066953539848328
0.6318524479866028
0.6117376089096069
0.6433870196342468
0.5862206816673279
0.5827358365058899
0.5580419301986694
0.6211642026901245
0.6586840152740479
0.5661768317222595
0.6050612330436707
0.5579193830490112
0.6135331392288208
0.6380265355110168
0.6320940256118774
0.677454948425293
0.6031287908554077
0.6670087575912476
0.6584817171096802
0.5969313383102417
0.6320312023162842
0.6107886433601379
0.5353719592094421
0.5989611744880676
0.562232494354248
0.6351917386054993
0.5852609872817993
0.6633670330047607
0.6522706151008606
0.6495931148529053
0.5846715569496155
0.6332414150238037
0.6614277362823486
0.6255879402160645
0.6070712804794312
0.656941294670105
0.6042503118515015
0.7015283107757568
0.6547141075134277
0.6512260437011719
0.5856415033340454
0.6836280226707458
0.6033276915550232
0.599461555480957
0.6227461695671082
0.6596211791038513
0.5480554103851318
0.6524234414100647
0.5917496085166931
0.6737759113311768
0.5944547057151794
0.6304311156272888
0.6250374913215637
0.6134134531021118
0.5768589377403259
0.6479911804199219
0.593459963798523
0.6143399477005005
0.6603056192398071
0.6223964691162109
0.6360104084014893
0.6254165172576904
0.6039608716964722
0.6445226073265076
0.5640298128128052
0.56639164686203
0.5877703428268433
0.6195707321166992
0.6461129784584045
0.6593342423439026
0.609634518623352
0.589257538318634
0.6093273758888245
0.5490697026252747
0.5933787822723389
0.5941697359085083
0.6753312349319458
0.6218043565750122
0.6431676149368286
0.6058472990989685
0.5754714012145996
0.6455965042114258
0.590422511100769
0.6783404350280762
0.5416563153266907
0.6073997020721436
0.5920532941818237
0.5764037370681763
0.6423922777175903
0.5343867540359497
0.6134728789329529
0.6262916922569275
0.5979080200195312
0.5800229907035828
0.6263349652290344
0.6022867560386658
0.5774024128913879
0.5094824433326721
0.4883987009525299
0.729251503944397
0.6337602734565735
0.634251058101654
0.6225389838218689
0.6138285398483276
0.693682074546814
0.61409592628479
0.6771536469459534
0.6156128644943237
0.631525456905365
0.5444021821022034
0.6001098155975342
0.63139808177948
0.5439233779907227
0.6351063847541809
0.6226639151573181
0.7489640712738037
0.6066381931304932
0.5388283133506775
0.6049796342849731
0.5335859656333923
0.6109145879745483
0.6267176866531372
0.6095082759857178
0.5463868379592896
0.6079725623130798
0.5794105529785156
0.5969158411026001
0.5919174551963806
0.6624439358711243
0.6346632838249207
0.6425431370735168
0.5531562566757202
0.5734423995018005
0.595967173576355
0.5748918652534485
0.6350334286689758
0.6410267353057861
0.6048130393028259
0.5713669657707214
0.5556873679161072
0.5847421288490295
0.6487252116203308
0.5904378294944763
0.7046473026275635
0.6168788075447083
0.638228178024292
0.5590105056762695
0.592968761920929
0.5577472448348999
0.5862180590629578
0.5344185829162598
0.587814450263977
0.6603886485099792
0.6000961661338806
0.5571722388267517
0.5651822090148926
0.6313543319702148
0.6541714668273926
0.618491530418396
0.5878599286079407
0.596850574016571
0.6280714869499207
0.5709488987922668
0.6038033962249756
0.6115244030952454
0.6586514711380005
0.5773217678070068
0.6063380837440491
0.5861683487892151
0.6065497398376465
0.5775984525680542
0.5760092735290527
0.543449878692627
0.674839437007904
0.613756000995636
0.5901902318000793
0.5909914970397949
0.5399007797241211
0.6192340850830078
0.5640068650245667
0.6748184561729431
0.6192120909690857
0.6514065861701965
0.5888946652412415
0.6159581542015076
0.5561779737472534
0.600682258605957
0.5891077518463135
0.6124312281608582
0.5694949626922607
0.5829708576202393
0.550355076789856
0.6003282070159912
0.6099119782447815
0.558224618434906
0.5869730710983276
0.6621219515800476
0.600212574005127
0.6133758425712585
0.566939651966095
0.5972359776496887
0.5395656824111938
0.6121549010276794
0.5516439080238342
0.6341656446456909
0.634482204914093
0.6291611194610596
0.6760758757591248
0.5733212828636169
0.6188279390335083
0.6119545102119446
0.6475740075111389
0.5976676940917969
0.6179858446121216
0.5726187229156494
0.5788857340812683
0.6062873005867004
0.5578925609588623
0.5677312016487122
0.519489049911499
0.6065817475318909
0.580353319644928
0.6278643608093262
0.5588088035583496
0.6001410484313965
0.592454731464386
0.5552250146865845
0.5767324566841125
0.5828853845596313
0.5768373608589172
0.665334165096283
0.6042200922966003
0.5904620289802551
0.6022451519966125
0.5270980000495911
0.5881574749946594
0.6048580408096313
0.6021235585212708
0.5799787044525146
0.5760012865066528
0.6174565553665161
0.5752570033073425
0.5430518984794617
0.6091175079345703
0.6052013635635376
0.6512880921363831
0.5922274589538574
0.5506293773651123
0.6071163415908813
0.5759106278419495
0.5848104953765869
0.5075816512107849
0.579891562461853
0.4776146709918976
0.5798896551132202
0.5944444537162781
0.5818909406661987
0.541305422782898
0.5660649538040161
0.6500457525253296
0.6023179888725281
0.6177319288253784
0.5759743452072144
0.5518766641616821
0.5705356597900391
0.5743151307106018
0.5402125120162964
0.6182636618614197
0.5853729248046875
0.6389074921607971
0.6098633408546448
0.6012805104255676
0.5612650513648987
0.5490140914916992
0.5990813970565796
0.5494431853294373
0.5819860696792603
0.5833267569541931
0.6049423813819885
0.5665669441223145
0.47172167897224426
0.5655469298362732
0.5972110629081726
0.5505174994468689
0.6480897665023804
0.5491105318069458
0.527843177318573
0.5745438933372498
0.5961758494377136
0.6036390662193298
0.6200245022773743
0.5907859206199646
0.5604463815689087
0.5920666456222534
0.5711657404899597
0.6112149357795715
0.5236350893974304
0.5864934921264648
0.5215137600898743
0.5395957827568054
0.6627517938613892
0.5926834344863892
0.6410284042358398
0.6008135676383972
0.6164620518684387
0.5669186115264893
0.6604682207107544
0.5589330792427063
0.5783880352973938
0.596570611000061
0.6466810703277588
0.6143969893455505
0.5918185114860535
0.6572777032852173
0.5747010707855225
0.6252326369285583
0.5608245730400085
0.5646684765815735
0.5793826580047607
0.5609036087989807
0.5596690773963928
0.5730152130126953
0.5492123961448669
0.5761138796806335
0.5074587464332581
0.5496988892555237
0.6120771169662476
0.5640870928764343
0.6046189665794373
0.5546742081642151
0.5910559296607971
0.5162718296051025
0.634028971195221
0.5765731930732727
0.5726271271705627
0.5394037365913391
0.5300863981246948
0.5649545788764954
0.6427215933799744
0.5908253192901611
0.554540753364563
0.5789808630943298
0.6243797540664673
0.6161506175994873
0.5663049817085266
0.5949215888977051
0.6072468757629395
0.554406464099884
0.5707389712333679
0.5863420963287354
0.5804882049560547
0.5793134570121765
0.6018213033676147
0.553615152835846
0.6520386934280396
0.6194587349891663
0.594994068145752
0.5926916003227234
0.5796990990638733
0.5972104072570801
0.5212271809577942
0.602849543094635
0.6213358044624329
0.6339135766029358
0.5439149141311646
0.5824775099754333
0.5961977243423462
0.5679997205734253
0.5836328268051147
0.5414643883705139
0.591900110244751
0.5803521275520325
0.5501485466957092
0.5876030921936035
0.6019724607467651
0.5898482799530029
0.5245581269264221
0.5878899693489075
0.5684884786605835
0.5573253631591797
0.6082044839859009
0.5669786334037781
0.5522003769874573
0.5304639935493469
0.5705234408378601
0.6275103688240051
0.5652312636375427
0.523659884929657
0.5873027443885803
0.5618670582771301
0.62666255235672
0.5993448495864868
0.6130458116531372
0.5755058526992798
0.5778711438179016
0.5607463717460632
0.5897732973098755
0.5578205585479736
0.5974324941635132
0.5936611890792847
0.554805338382721
0.5756088495254517
0.5607123374938965
0.586035966873169
0.5329969525337219
0.534126341342926
0.503480851650238
0.5620373487472534
0.6005815267562866
0.5188814401626587
0.5491758584976196
0.5048093795776367
0.5570085644721985
0.5861139893531799
0.5748271942138672
0.6170664429664612
0.5433316826820374
0.6129294633865356
0.6083537936210632
0.5456669926643372
0.57696533203125
0.5576369762420654
0.48862382769584656
0.5520021915435791
0.5158703327178955
0.5805832743644714
0.5338632464408875
0.6046037077903748
0.5900159478187561
0.5947421789169312
0.5351743102073669
0.5811459422111511
0.5953225493431091
0.5728513598442078
0.557600736618042
0.6049928665161133
0.5527058839797974
0.6432968974113464
0.6036748290061951
0.5984081625938416
0.5347263813018799
0.6275379657745361
0.5619993209838867
0.5550104975700378
0.567949652671814
0.6049932241439819
0.4968488812446594
0.6028209328651428
0.5482290983200073
0.6213002800941467
0.5435668230056763
0.5792500972747803
0.5752795934677124
0.5629277229309082
0.5288912653923035
0.5971623659133911
0.5492004156112671
0.5647984147071838
0.6096073389053345
0.5691443085670471
0.5826162695884705
0.5776719450950623
0.5534693598747253
0.5950350165367126
0.5178570747375488
0.5205732583999634
0.5345218181610107
0.569718599319458
0.5944055914878845
0.6056509613990784
0.5613150596618652
0.5380977988243103
0.5616909265518188
0.5042014122009277
0.5430801510810852
0.5492313504219055
0.6232284903526306
0.5719622373580933
0.5914046168327332
0.5529098510742188
0.5287240147590637
0.5960096120834351
0.5428155064582825
0.6293012499809265
0.49283522367477417
0.5566731095314026
0.548065721988678
0.5295698642730713
0.5959860682487488
0.4898453950881958
0.5667270421981812
0.579410195350647
0.5472412705421448
0.534162700176239
0.5860111117362976
0.5547433495521545
0.5308781862258911
0.46390023827552795
0.4499783217906952
0.6816858053207397
0.588908851146698
0.5823559761047363
0.5690168142318726
0.566836416721344
0.6427025198936462
0.5652235746383667
0.6216052770614624
0.564329206943512
0.5849610567092896
0.49759748578071594
0.5496270060539246
0.5790362358093262
0.5067827105522156
0.5855911374092102
0.5700645446777344
0.6962905526161194
0.5566876530647278
0.4962410628795624
0.5510744452476501
0.4939177632331848
0.5598493218421936
0.5826523303985596
0.5662079453468323
0.49328625202178955
0.5610104203224182
0.5363566875457764
0.5575839281082153
0.5529370903968811
0.6105931997299194
0.5821422338485718
0.593663215637207
0.504291296005249
0.5252582430839539
0.5476341247558594
0.5251991748809814
0.58840012550354
0.5875840187072754
0.5615436434745789
0.5262808799743652
0.5113955736160278
0.5448716878890991
0.6011219620704651
0.5484648942947388
0.660783588886261
0.5700881481170654
0.5899432301521301
0.5090360641479492
0.5468553900718689
0.5169024467468262
0.5422643423080444
0.4935782253742218
0.5422831177711487
0.6109763383865356
0.556236982345581
0.508763313293457
0.5212557315826416
0.5827968716621399
0.6083173155784607
0.571247935295105
0.547268271446228
0.5480323433876038
0.5846632719039917
0.5329969525337219
0.5507619976997375
0.5615962743759155
0.606926441192627
0.536058783531189
0.559020459651947
0.5349885821342468
0.567409098148346
0.5299828052520752
0.5231024026870728
0.502627432346344
0.6273107528686523
0.566525936126709
0.5465478897094727
0.5420634150505066
0.4952108860015869
0.5708810687065125
0.5133278369903564
0.6303940415382385
0.571664035320282
0.6023244261741638
0.5420311093330383
0.5694862604141235
0.5169202089309692
0.5540343523025513
0.5426480770111084
0.5683407187461853
0.5232954621315002
0.5430698990821838
0.5073611736297607
0.5556046366691589
0.5618588924407959
0.5134693384170532
0.5413095951080322
0.6182014346122742
0.5532585978507996
0.5661899447441101
0.523236095905304
0.549189031124115
0.4915481209754944
0.5635668039321899
0.5070982575416565
0.588831901550293
0.5845305323600769
0.588016152381897
0.6234697699546814
0.5346607565879822
0.5754683017730713
0.5683588981628418
0.5992954969406128
0.5535289645195007
0.5694477558135986
0.5347020030021667
0.5374042391777039
0.5641575455665588
0.5169991254806519
0.5240858197212219
0.4840865433216095
0.5643830299377441
0.5352723002433777
0.5848352313041687
0.5147290825843811
0.5547868609428406
0.553914487361908
0.5136520862579346
0.5350333452224731
0.5370575189590454
0.5321711897850037
0.6172240972518921
0.5572975873947144
0.544844925403595
0.5599603652954102
0.4899287521839142
0.5490831136703491
0.5586225390434265
0.558027982711792
0.5405000448226929
0.532263457775116
0.5708168745040894
0.5381366014480591
0.5043222904205322
0.5614702701568604
0.5633615255355835
0.6083041429519653
0.552147626876831
0.5091911554336548
0.567324697971344
0.5411196351051331
0.539797842502594
0.4725843071937561
0.539899468421936
0.4456075429916382
0.5398694276809692
0.5599986910820007
0.5433362722396851
0.4992896616458893
0.5256074070930481
0.6048474311828613
0.5621134638786316
0.5791618227958679
0.5389332175254822
0.5141521096229553
0.5281034708023071
0.5386953949928284
0.49877652525901794
0.573552668094635
0.5440050363540649
0.5882605910301208
0.5713216662406921
0.560738742351532
0.5214089155197144
0.5112112760543823
0.558734655380249
0.5106258392333984
0.5392756462097168
0.5401741862297058
0.5611899495124817
0.529446542263031
0.4426182806491852
0.5248514413833618
0.565457820892334
0.5105423927307129
0.6025023460388184
0.5138028860092163
0.4888162612915039
0.5396196246147156
0.5499891042709351
0.557451069355011
0.5824539065361023
0.5487709045410156
0.5200417041778564
0.5558458566665649
0.529196560382843
0.5778414607048035
0.48985177278518677
0.544314980506897
0.4881967306137085
0.5033337473869324
0.6245242357254028
0.5561632513999939
0.6019875407218933
0.5587689280509949
0.5771132111549377
0.5290153622627258
0.6203958988189697
0.5229541063308716
0.5364965200424194
0.5513530373573303
0.6030299663543701
0.5746240615844727
0.5501710176467896
0.6103338599205017
0.5355504155158997
0.5868831276893616
0.5199087858200073
0.5256842374801636
0.5371367335319519
0.518142819404602
0.5166617035865784
0.5290830135345459
0.5099773406982422
0.5333121418952942
0.47074687480926514
0.5140678882598877
0.5687035918235779
0.5276894569396973
0.5659183859825134
0.5192713141441345
0.5518033504486084
0.48190176486968994
0.5906503200531006
0.5430070161819458
0.5277649164199829
0.49755027890205383
0.49206361174583435
0.5216357707977295
0.6015475988388062
0.5539245009422302
0.5218439102172852
0.5443866848945618
0.5796898007392883
0.5799309611320496
0.5229327082633972
0.5553942918777466
0.5725697875022888
0.5143443942070007
0.5303306579589844
0.549896776676178
0.5422718524932861
0.5420323610305786
0.5615555047988892
0.5089666843414307
0.6109902858734131
0.5833131074905396
0.5619063377380371
0.5514460206031799
0.5344607830047607
0.557413637638092
0.48631638288497925
0.56913161277771
0.5858214497566223
0.5929886698722839
0.5038016438484192
0.5445560812950134
0.5525451898574829
0.5345874428749084
0.5460172295570374
0.5090108513832092
0.5588229298591614
0.5430487394332886
0.5162685513496399
0.5498854517936707
0.562122106552124
0.5469639897346497
0.49185654520988464
0.5481864809989929
0.5253031849861145
0.5270861387252808
0.5705845355987549
0.526669979095459
0.5088724493980408
0.4919853210449219
0.5359471440315247
0.590437114238739
0.526978611946106
0.48739945888519287
0.5488837957382202
0.5208280682563782
0.589400589466095
0.5634247064590454
0.5738961100578308
0.5420803427696228
0.5417585968971252
0.524470865726471
0.5511611104011536
0.5218461155891418
0.5591291189193726
0.5533460974693298
0.5215815305709839
0.5356327295303345
0.52811199426651
0.5453544855117798
0.4995238482952118
0.5019984841346741
0.4619443118572235
0.5250763297080994
0.5603698492050171
0.48838675022125244
0.5146273970603943
0.47295936942100525
0.519512414932251
0.5511757135391235
0.5349171161651611
0.5799269080162048
0.5079100131988525
0.572854220867157
0.5682713985443115
0.5132659673690796
0.5445233583450317
0.5272358655929565
0.4491204619407654
0.5107889175415039
0.47824713587760925
0.5414268374443054
0.4982076585292816
0.5604367256164551
0.5479776859283447
0.5538190603256226
0.4974459707736969
0.5456106662750244
0.5528097748756409
0.5348497629165649
0.5231945514678955
0.5642367005348206
0.5125013589859009
0.6094619631767273
0.5640887022018433
0.5638620853424072
0.5003988742828369
0.5869602560997009
0.5280332565307617
0.5181330442428589
0.5375251173973083
0.5656187534332275
0.4627452492713928
0.562865674495697
0.5174003839492798
0.5822962522506714
0.5084443688392639
0.5347191095352173
0.5361537337303162
0.5250545144081116
0.4976923167705536
0.555164635181427
0.5104876160621643
0.5331358909606934
0.5745010375976562
0.5245691537857056
0.5421340465545654
0.537922739982605
0.5181807279586792
0.565951943397522
0.4863838255405426
0.48934563994407654
0.4995097815990448
0.530697226524353
0.5620522499084473
0.5649714469909668
0.5262757539749146
0.5018692016601562
0.5227270126342773
0.4735448658466339
0.5110877156257629
0.5135642886161804
0.5892276167869568
0.5386074781417847
0.5570233464241028
0.5233739614486694
0.5043601989746094
0.5591266751289368
0.5057156682014465
0.5948079228401184
0.46489235758781433
0.5211269855499268
0.5115750432014465
0.49208390712738037
0.5653058886528015
0.4613332152366638
0.5317891836166382
0.5482564568519592
0.5136465430259705
0.5035906434059143
0.5479811429977417
0.5208060145378113
0.4992990493774414
0.4352872669696808
0.4188474118709564
0.6370981335639954
0.5501437187194824
0.5496090650558472
0.5270321369171143
0.5295790433883667
0.6028580665588379
0.5304142236709595
0.5822259187698364
0.5299564599990845
0.5445551872253418
0.46772801876068115
0.513808012008667
0.5407937169075012
0.4745064675807953
0.542643666267395
0.5376330018043518
0.650875449180603
0.526061475276947
0.46156054735183716
0.5178584456443787
0.46420595049858093
0.5200196504592896
0.5481326580047607
0.5265469551086426
0.45587652921676636
0.52170330286026
0.5001751184463501
0.5228405594825745
0.520969033241272
0.5726781487464905
0.5489644408226013
0.5577022433280945
0.46595415472984314
0.49273374676704407
0.509154736995697
0.49118298292160034
0.5530376434326172
0.5575246214866638
0.5270384550094604
0.49481984972953796
0.48075762391090393
0.5118034482002258
0.5670599937438965
0.5215373635292053
0.6231533288955688
0.5347239375114441
0.5582595467567444
0.47626543045043945
0.5154372453689575
0.48079630732536316
0.5123445987701416
0.4602341055870056
0.5044966340065002
0.5732951760292053
0.5238180756568909
0.47514644265174866
0.4909658133983612
0.5506056547164917
0.5711276531219482
0.5377774834632874
0.5126379132270813
0.5176581144332886
0.5460149645805359
0.5062268376350403
0.516996443271637
0.5286624431610107
0.5708464980125427
0.503757894039154
0.5261375904083252
0.49916449189186096
0.5345401763916016
0.4987398684024811
0.4887162744998932
0.4713470935821533
0.5894939303398132
0.5326357483863831
0.5129686594009399
0.5085933804512024
0.4645702540874481
0.5347912311553955
0.47308945655822754
0.5940475463867188
0.5386630892753601
0.5682199001312256
0.510773777961731
0.536051869392395
0.4889986515045166
0.5190313458442688
0.507690966129303
0.5329628586769104
0.4944617748260498
0.5108789205551147
0.48228347301483154
0.5250200033187866
0.5270318388938904
0.48193302750587463
0.5028488039970398
0.5794047713279724
0.5121003985404968
0.5291893482208252
0.4913467466831207
0.5181180238723755
0.4645004868507385
0.5306642055511475
0.4772278964519501
0.5542458295822144
0.5501959323883057
0.5509895086288452
0.5871130228042603
0.5036818981170654
0.5429946780204773
0.5318987965583801
0.5621511340141296
0.5187795162200928
0.5334066152572632
0.5078833103179932
0.517808198928833
0.5332841277122498
0.4845462143421173
0.496445894241333
0.45756709575653076
0.5299438238143921
0.5004898905754089
0.5544983148574829
0.4881496727466583
0.5225680470466614
0.5225697159767151
0.4863910675048828
0.501381516456604
0.5111422538757324
0.504584789276123
0.582587718963623
0.5237031579017639
0.5136639475822449
0.5298600792884827
0.46399739384651184
0.521753191947937
0.5306577682495117
0.5312147736549377
0.5123344659805298
0.5054987072944641
0.5417870283126831
0.5085054636001587
0.48105964064598083
0.5250993967056274
0.5305214524269104
0.5738949179649353
0.5175904035568237
0.48372146487236023
0.5361199378967285
0.5111806392669678
0.5036295056343079
0.44820913672447205
0.5120075345039368
0.4170713722705841
0.5081113576889038
0.5290091037750244
0.5065644979476929
0.4667540490627289
0.4953487813472748
0.5686400532722473
0.5287415981292725
0.5433603525161743
0.5086142420768738
0.4849299192428589
0.49865391850471497
0.5067896842956543
0.4658222198486328
0.5416394472122192
0.5114908814430237
0.5539239048957825
0.5411927700042725
0.5285035967826843
0.4901726245880127
0.48336225748062134
0.5326015949249268
0.4766966700553894
0.5037438273429871
0.5095418691635132
0.5298288464546204
0.5011232495307922
0.41375210881233215
0.4955967366695404
0.5311672687530518
0.47218406200408936
0.5633403658866882
0.48352569341659546
0.45673224329948425
0.5077435970306396
0.5216994881629944
0.5255622267723083
0.5523231625556946
0.5175473093986511
0.4930591583251953
0.5273697376251221
0.49882158637046814
0.5503186583518982
0.4662072956562042
0.5112848281860352
0.4613662660121918
0.47853073477745056
0.5947726368904114
0.5220116376876831
0.5766494870185852
0.5268771052360535
0.5423119068145752
0.49785423278808594
0.5963443517684937
0.49452629685401917
0.5083635449409485
0.5183861255645752
0.5712438225746155
0.5436592698097229
0.5235106945037842
0.5774061679840088
0.5009603500366211
0.5560368895530701
0.4922563135623932
0.4921691417694092
0.5102306008338928
0.49130484461784363
0.48658424615859985
0.5022104382514954
0.4790508449077606
0.5020425915718079
0.4450884163379669
0.4799622893333435
0.5377205014228821
0.5022355318069458
0.5352563261985779
0.4899531602859497
0.5158865451812744
0.45218488574028015
0.5588446855545044
0.5134262442588806
0.4950721859931946
0.4673220217227936
0.46644213795661926
0.49577245116233826
0.5641475319862366
0.5237105488777161
0.4904061257839203
0.5166023373603821
0.5436596870422363
0.5482205152511597
0.4885946810245514
0.5290637016296387
0.5383145213127136
0.4865216016769409
0.495565801858902
0.5161711573600769
0.5107192993164062
0.5133891105651855
0.5320844054222107
0.47791725397109985
0.5707058906555176
0.5509538650512695
0.5255091190338135
0.5211103558540344
0.5051162838935852
0.5298088192939758
0.45780593156814575
0.5396764874458313
0.5511481165885925
0.5655263662338257
0.4796519875526428
0.5149328112602234
0.5199695229530334
0.506583571434021
0.5179453492164612
0.4820663630962372
0.5319862961769104
0.508869469165802
0.48866403102874756
0.5188831090927124
0.5309450030326843
0.5201864242553711
0.4678184390068054
0.5185477137565613
0.4929555058479309
0.4946695864200592
0.5483406782150269
0.5048170685768127
0.48945415019989014
0.4648456275463104
0.5017479062080383
0.5593980550765991
0.49655255675315857
0.46055087447166443
0.5145502686500549
0.4980844259262085
0.5549728274345398
0.5310350060462952
0.5396141409873962
0.5104549527168274
0.5120093822479248
0.5006363391876221
0.5242310166358948
0.49074652791023254
0.5259493589401245
0.5265875458717346
0.49779340624809265
0.513295590877533
0.5014660358428955
0.5161656141281128
0.4734824597835541
0.47050368785858154
0.4302482604980469
0.493219792842865
0.5280347466468811
0.45987609028816223
0.48456278443336487
0.4453158378601074
0.4895208775997162
0.5266678929328918
0.5080156326293945
0.5484201312065125
0.47400355339050293
0.5467391610145569
0.5434647798538208
0.487718790769577
0.5148120522499084
0.49865517020225525
0.4237900376319885
0.48867762088775635
0.4533660113811493
0.5175120830535889
0.47351741790771484
0.5275659561157227
0.5192168951034546
0.5259527564048767
0.4683040678501129
0.5179266929626465
0.5224339365959167
0.5100647211074829
0.4915374219417572
0.5375314354896545
0.4895251989364624
0.5775135159492493
0.5366910099983215
0.5326890349388123
0.46634557843208313
0.5620858073234558
0.5066821575164795
0.48933425545692444
0.5153819918632507
0.5369696021080017
0.43786346912384033
0.5403652787208557
0.4938715696334839
0.5557045340538025
0.48201048374176025
0.506310224533081
0.5083404183387756
0.5012294054031372
0.47241324186325073
0.5235002040863037
0.4888768196105957
0.5078586339950562
0.5465980172157288
0.4942849278450012
0.5147774815559387
0.5098700523376465
0.49287232756614685
0.5414794087409973
0.4625178277492523
0.46223166584968567
0.4679757058620453
0.5042727589607239
0.5347241759300232
0.5306309461593628
0.5009132027626038
0.4761037528514862
0.4947243332862854
0.4538480043411255
0.4825608730316162
0.4885106086730957
0.5646054744720459
0.511415421962738
0.5273941159248352
0.4957469701766968
0.4731777310371399
0.5315019488334656
0.4749704599380493
0.5637608766555786
0.4398263096809387
0.4932222366333008
0.48542922735214233
0.46647313237190247
0.5333431363105774
0.439513236284256
0.5020768642425537
0.5183457136154175
0.48651060461997986
0.4743998050689697
0.5253247618675232
0.49252641201019287
0.478278785943985
0.4087456166744232
0.3998785614967346
0.6031181812286377
0.5187220573425293
0.5142102241516113
0.4976581037044525
0.4983507990837097
0.5740395784378052
0.505059540271759
0.5502737164497375
0.4952411353588104
0.5164687633514404
0.443352609872818
0.48522284626960754
0.509547233581543
0.45085209608078003
0.5226343870162964
0.5123949646949768
0.6249972581863403
0.4993925392627716
0.4369044005870819
0.48690202832221985
0.4423561096191406
0.4972341060638428
0.5232831835746765
0.5015021562576294
0.4312782883644104
0.494706928730011
0.4805436134338379
0.4984307587146759
0.49248433113098145
0.5440138578414917
0.5213825106620789
0.5293015241622925
0.4436224400997162
0.4656982719898224
0.48116815090179443
0.4663039743900299
0.523639440536499
0.5318987369537354
0.5036669373512268
0.4666551947593689
0.4587804973125458
0.4886990785598755
0.5366162657737732
0.4956752359867096
0.5895394086837769
0.5125893354415894
0.5290509462356567
0.4498414397239685
0.4908357560634613
0.4578908085823059
0.4842585325241089
0.43125373125076294
0.4769130349159241
0.5474612712860107
0.49648162722587585
0.44546687602996826
0.4687975347042084
0.5229277610778809
0.5407589077949524
0.508829653263092
0.48901861906051636
0.492670476436615
0.5183045268058777
0.4850846230983734
0.48826533555984497
0.5039559602737427
0.5429829955101013
0.4842555820941925
0.502960741519928
0.47146156430244446
0.5057151317596436
0.47139114141464233
0.46194764971733093
0.44292977452278137
0.5576284527778625
0.5064330697059631
0.4876413941383362
0.48068445920944214
0.4349139630794525
0.5074672102928162
0.448191374540329
0.570053219795227
0.510814905166626
0.5387541055679321
0.48301824927330017
0.5076504945755005
0.4653177559375763
0.49662184715270996
0.477776437997818
0.5137938261032104
0.46789026260375977
0.4808410704135895
0.45309656858444214
0.4931710362434387
0.4974733889102936
0.4561063051223755
0.47810760140419006
0.5507456064224243
0.4875406324863434
0.5047446489334106
0.4657161831855774
0.48667046427726746
0.4365391135215759
0.5019859671592712
0.45474281907081604
0.5308030247688293
0.5237149000167847
0.521630048751831
0.5604731440544128
0.4843999743461609
0.5172502398490906
0.5102636218070984
0.5369098782539368
0.5018768906593323
0.5077338814735413
0.479638010263443
0.4938119351863861
0.5073167085647583
0.45779019594192505
0.471610426902771
0.4288397431373596
0.5057830214500427
0.4768756031990051
0.5269443988800049
0.46302977204322815
0.4946928024291992
0.49511227011680603
0.45286646485328674
0.47827500104904175
0.48715490102767944
0.47577789425849915
0.5560751557350159
0.49227839708328247
0.4846453070640564
0.5027962923049927
0.437424898147583
0.4944307804107666
0.5042773485183716
0.5059725046157837
0.4824010133743286
0.4774940609931946
0.5128418207168579
0.4859219789505005
0.4556383192539215
0.4929859936237335
0.5011388063430786
0.5454363226890564
0.4944666624069214
0.46290069818496704
0.511376678943634
0.4851711690425873
0.4832453429698944
0.426819771528244
0.48465338349342346
0.3997777998447418
0.4839252829551697
0.5054274797439575
0.4735269844532013
0.4454558491706848
0.47627753019332886
0.5453175902366638
0.5030794739723206
0.5189611911773682
0.4871671795845032
0.46475088596343994
0.47672444581985474
0.4821418523788452
0.44308310747146606
0.5181282162666321
0.4865761697292328
0.5287836194038391
0.5212273597717285
0.5034098625183105
0.4648361802101135
0.4586583077907562
0.5063432455062866
0.45266053080558777
0.4779537618160248
0.485198438167572
0.5059110522270203
0.4784836769104004
0.3963730037212372
0.4689418077468872
0.5074486136436462
0.44765642285346985
0.5333614945411682
0.4587269723415375
0.4302619695663452
0.4906189441680908
0.495061993598938
0.49423569440841675
0.5239995718002319
0.49051204323768616
0.4708208739757538
0.5032142400741577
0.47709596157073975
0.5243936777114868
0.4412616491317749
0.48640209436416626
0.4372384250164032
0.4586535692214966
0.5737608671188354
0.49847933650016785
0.5481175184249878
0.49805834889411926
0.5173072218894958
0.47415971755981445
0.5662165880203247
0.47209033370018005
0.4849293828010559
0.49218082427978516
0.5525822043418884
0.5183125138282776
0.49372538924217224
0.548479437828064
0.47571253776550293
0.5311968326568604
0.46625152230262756
0.4666382074356079
0.4866343140602112
0.4651983678340912
0.46236833930015564
0.48074251413345337
0.4558474123477936
0.4735308587551117
0.41961240768432617
0.4537131190299988
0.5078249573707581
0.4755033254623413
0.5153579711914062
0.4628722369670868
0.4957315921783447
0.4292251169681549
0.5321900844573975
0.48989441990852356
0.4676298201084137
0.44281092286109924
0.43867024779319763
0.47296568751335144
0.5336511731147766
0.4985728859901428
0.46667203307151794
0.4942095875740051
0.5236923694610596
0.5199410319328308
0.463876336812973
0.50788414478302
0.5145279765129089
0.4636143743991852
0.47261521220207214
0.4912175238132477
0.4856962263584137
0.49009644985198975
0.5027838945388794
0.4499526917934418
0.5465213060379028
0.5251228213310242
0.5077944397926331
0.49460569024086
0.4820285737514496
0.5064302682876587
0.4319215714931488
0.5165346264839172
0.527520477771759
0.5404564142227173
0.4541228413581848
0.49624019861221313
0.49342474341392517
0.4840518832206726
0.4948556125164032
0.45960700511932373
0.511778712272644
0.48971065878868103
0.4616115689277649
0.49285033345222473
0.5099665522575378
0.49186471104621887
0.44576582312583923
0.4904051423072815
0.46371543407440186
0.47218382358551025
0.5206847190856934
0.4872359335422516
0.4579819440841675
0.44165679812431335
0.47816169261932373
0.5379546880722046
0.47610965371131897
0.43668872117996216
0.49183306097984314
0.47730448842048645
0.5345807671546936
0.5134789943695068
0.5184129476547241
0.48579052090644836
0.4864805042743683
0.4806261956691742
0.49494805932044983
0.47136160731315613
0.4990710914134979
0.5016723871231079
0.47316768765449524
0.4909375309944153
0.4817931056022644
0.4908573627471924
0.4482234716415405
0.4498268961906433
0.40745434165000916
0.47285428643226624
0.5001375675201416
0.4357776641845703
0.4583350718021393
0.42165887355804443
0.4692263901233673
0.5001163482666016
0.4831148087978363
0.5230627059936523
0.4523857533931732
0.5249817967414856
0.5150787234306335
0.4599418342113495
0.48980993032455444
0.47918662428855896
0.4026520550251007
0.4695447087287903
0.4312463104724884
0.49475041031837463
0.44666939973831177
0.5066206455230713
0.4910086393356323
0.49322283267974854
0.44653671979904175
0.4926929175853729
0.49398574233055115
0.48839929699897766
0.4668184518814087
0.5136432647705078
0.4632072150707245
0.5502250790596008
0.5138477683067322
0.5041697025299072
0.4451543390750885
0.5391736030578613
0.4875454306602478
0.46901172399520874
0.4930441677570343
0.5109906792640686
0.4141003489494324
0.5101098418235779
0.47064879536628723
0.5313175320625305
0.46013641357421875
0.4861619770526886
0.4863893985748291
0.47385135293006897
0.4489818215370178
0.49887460470199585
0.4628601372241974
0.4893888533115387
0.5197287797927856
0.46861860156059265
0.49157875776290894
0.4833143651485443
0.47197091579437256
0.5168168544769287
0.44563403725624084
0.44062647223472595
0.4482192397117615
0.48210030794143677
0.5115458965301514
0.5063436627388
0.4812999367713928
0.450151652097702
0.4714720547199249
0.4332951307296753
0.462971031665802
0.46954482793807983
0.5481047630310059
0.4881468117237091
0.5079271793365479
0.4765251874923706
0.4599003493785858
0.5091841816902161
0.4474993050098419
0.5268570780754089
0.4157215356826782
0.47591543197631836
0.4659116864204407
0.4410853981971741
0.5070714950561523
0.423686146736145
0.4802981913089752
0.5041577219963074
0.4622024893760681
0.4541666805744171
0.505538821220398
0.47623661160469055
0.45964664220809937
0.3915998339653015
0.3800003230571747
0.5817304253578186
0.49958735704421997
0.49085187911987305
0.47507306933403015
0.4791443943977356
0.5495536923408508
0.4828977882862091
0.5282649397850037
0.47195565700531006
0.4920778274536133
0.42683544754981995
0.4703409671783447
0.4855489730834961
0.4291069507598877
0.49898916482925415
0.48126035928726196
0.5906664133071899
0.4765178859233856
0.41934138536453247
0.4635929465293884
0.41882142424583435
0.474870890378952
0.504045307636261
0.47556570172309875
0.41037532687187195
0.4677315056324005
0.45662206411361694
0.47590333223342896
0.4685003161430359
0.5183372497558594
0.49946004152297974
0.5040661692619324
0.42135319113731384
0.44387221336364746
0.45848411321640015
0.44070836901664734
0.5034549236297607
0.5119272470474243
0.4819227159023285
0.4462278485298157
0.4348176121711731
0.46831074357032776
0.5177175402641296
0.4788498282432556
0.5634913444519043
0.48692387342453003
0.5062302947044373
0.4277825355529785
0.4707722067832947
0.43488237261772156
0.4637494683265686
0.410682737827301
0.4562017321586609
0.5177981853485107
0.472281277179718
0.4236942231655121
0.4451937675476074
0.5024077296257019
0.5170416831970215
0.4857860803604126
0.46912312507629395
0.47430112957954407
0.4912685453891754
0.4668610394001007
0.46744275093078613
0.4766640067100525
0.5173115134239197
0.46513545513153076
0.4855920374393463
0.4507390260696411
0.48416921496391296
0.45303604006767273
0.4406897723674774
0.4215092957019806
0.5397437810897827
0.48276564478874207
0.46538394689559937
0.4583251178264618
0.40849754214286804
0.4836588501930237
0.42579323053359985
0.5405657887458801
0.4860280156135559
0.5145438313484192
0.46218520402908325
0.48927873373031616
0.4410718083381653
0.47972536087036133
0.4643559157848358
0.4912666380405426
0.4468441605567932
0.46316292881965637
0.4325394332408905
0.47903215885162354
0.4786422550678253
0.4369601905345917
0.45350220799446106
0.5228129029273987
0.4579543471336365
0.48006460070610046
0.4443850517272949
0.4650484025478363
0.41844698786735535
0.4796181321144104
0.43188533186912537
0.5138741731643677
0.5005107522010803
0.5009093880653381
0.5345065593719482
0.45765137672424316
0.49340081214904785
0.4839700758457184
0.5094157457351685
0.4777734577655792
0.481457382440567
0.46165087819099426
0.477184921503067
0.487397700548172
0.43588778376579285
0.45408573746681213
0.41339582204818726
0.48234111070632935
0.45591703057289124
0.506334662437439
0.44331395626068115
0.47852927446365356
0.47324588894844055
0.43022119998931885
0.4586952328681946
0.46707093715667725
0.4585582911968231
0.5355655550956726
0.472687304019928
0.462380051612854
0.4868297278881073
0.41847583651542664
0.47020384669303894
0.4819224774837494
0.4838133454322815
0.464423269033432
0.4664011001586914
0.4942021071910858
0.46372082829475403
0.43630990386009216
0.4681945741176605
0.48256728053092957
0.5213060975074768
0.4763714671134949
0.44171446561813354
0.4883815050125122
0.46564728021621704
0.46838706731796265
0.40766459703445435
0.4643476605415344
0.3818436861038208
0.4611135721206665
0.4817847013473511
0.4595016539096832
0.42000460624694824
0.45451852679252625
0.5244185924530029
0.4879568815231323
0.5000815987586975
0.4638440012931824
0.4466586112976074
0.4569678008556366
0.4616892635822296
0.42405256628990173
0.4940914213657379
0.4652336835861206
0.5063631534576416
0.5022681355476379
0.48210570216178894
0.4418877959251404
0.4420977532863617
0.4859534800052643
0.43191230297088623
0.453829288482666
0.46177220344543457
0.47589361667633057
0.45941102504730225
0.3795110583305359
0.45103004574775696
0.48381009697914124
0.42929792404174805
0.5134976506233215
0.4360194802284241
0.41140756011009216
0.46869000792503357
0.47282397747039795
0.4778595566749573
0.5035909414291382
0.46843090653419495
0.44855234026908875
0.4816300570964813
0.45342111587524414
0.49975311756134033
0.42414289712905884
0.45703524351119995
0.41739633679389954
0.439237117767334
0.5492924451828003
0.4795890152454376
0.5283620357513428
0.4725261926651001
0.4979139268398285
0.4516238272190094
0.5452085137367249
0.45047131180763245
0.4623619318008423
0.4689534306526184
0.530400812625885
0.49905359745025635
0.4779079258441925
0.5258988738059998
0.4569655954837799
0.50731360912323
0.45004427433013916
0.45126524567604065
0.4693915545940399
0.4431300163269043
0.44279956817626953
0.458035945892334
0.4393276870250702
0.451162725687027
0.4037371873855591
0.44051072001457214
0.49167171120643616
0.4572315514087677
0.49030086398124695
0.4450192451477051
0.47560596466064453
0.40896761417388916
0.5090041160583496
0.4707367718219757
0.4492630958557129
0.4217880070209503
0.42192739248275757
0.44907239079475403
0.5161543488502502
0.47733017802238464
0.44837453961372375
0.4740949869155884
0.4981086254119873
0.5044229626655579
0.443795382976532
0.4924420118331909
0.49558553099632263
0.4403429329395294
0.4540432393550873
0.4717477858066559
0.46020686626434326
0.47311079502105713
0.4866514205932617
0.4241962730884552
0.5175967216491699
0.506232738494873
0.48524385690689087
0.4762074947357178
0.46421417593955994
0.48497098684310913
0.4144512116909027
0.49478304386138916
0.5093310475349426
0.5184367299079895
0.4359965920448303
0.4758641719818115
0.47306156158447266
0.46970272064208984
0.4754588007926941
0.44333040714263916
0.49085479974746704
0.4639999568462372
0.44894829392433167
0.4745256006717682
0.48915886878967285
0.47232168912887573
0.42591044306755066
0.47231024503707886
0.44336646795272827
0.4558257460594177
0.49846968054771423
0.4655263423919678
0.4401175081729889
0.4263351857662201
0.45607689023017883
0.5140036940574646
0.4519481360912323
0.42327141761779785
0.468935489654541
0.4533938765525818
0.5076571702957153
0.49544817209243774
0.49515461921691895
0.4661760628223419
0.47013524174690247
0.4646362066268921
0.47785526514053345
0.4472575783729553
0.48094019293785095
0.47889578342437744
0.45094579458236694
0.47368183732032776
0.46038055419921875
0.47078531980514526
0.4321046471595764
0.43163949251174927
0.3876640498638153
0.4553605318069458
0.48301294445991516
0.4211471378803253
0.4422559440135956
0.40492355823516846
0.4475260078907013
0.48265764117240906
0.4610859453678131
0.49954941868782043
0.4367935061454773
0.5002213716506958
0.495339035987854
0.44326165318489075
0.4667068421840668
0.46322962641716003
0.3832060992717743
0.4535655081272125
0.41257205605506897
0.4740305244922638
0.42937007546424866
0.48543453216552734
0.4709060788154602
0.4742060601711273
0.4304807186126709
0.47724801301956177
0.47466206550598145
0.46871769428253174
0.4475674629211426
0.49443134665489197
0.44632118940353394
0.5328641533851624
0.4962439239025116
0.4852772653102875
0.42330852150917053
0.5143714547157288
0.4718535244464874
0.4531678259372711
0.47173213958740234
0.4895901381969452
0.39942458271980286
0.4893764555454254
0.45603829622268677
0.5111679434776306
0.44044485688209534
0.468320369720459
0.4687335789203644
0.45475250482559204
0.4337790906429291
0.48134636878967285
0.44485223293304443
0.47168394923210144
0.49960145354270935
0.44485825300216675
0.4754445552825928
0.46365436911582947
0.44908884167671204
0.5023481845855713
0.428008109331131
0.4199157953262329
0.4227040112018585
0.46475982666015625
0.4959377348423004
0.49266308546066284
0.46307384967803955
0.4383186101913452
0.4525359869003296
0.42202049493789673
0.43871989846229553
0.4482097923755646
0.527361273765564
0.4703061580657959
0.485748827457428
0.4493617117404938
0.4414235055446625
0.4953825771808624
0.4296521544456482
0.508345365524292
0.3961385488510132
0.4560706913471222
0.4530530571937561
0.42809629440307617
0.48916545510292053
0.4027111232280731
0.46297717094421387
0.49338963627815247
0.4431200623512268
0.43661949038505554
0.4858109951019287
0.4472579061985016
0.44122278690338135
0.37844768166542053
0.36770200729370117
0.5516486167907715
0.47700491547584534
0.4642277956008911
0.453590452671051
0.4605814516544342
0.525443971157074
0.46547049283981323
0.5036658048629761
0.45348623394966125
0.47293370962142944
0.4060293138027191
0.4461434483528137
0.46617209911346436
0.41508007049560547
0.4780444800853729
0.46297982335090637
0.5718711614608765
0.4570050537586212
0.39804980158805847
0.4443446695804596
0.4000004231929779
0.44987714290618896
0.4824097156524658
0.44859302043914795
0.38647031784057617
0.4471464157104492
0.4437862038612366
0.4565834105014801
0.45215827226638794
0.4978310465812683
0.4820857346057892
0.4839612543582916
0.3983435034751892
0.42897388339042664
0.4368237555027008
0.4186369776725769
0.48216700553894043
0.4841669797897339
0.4647403955459595
0.4276925325393677
0.4166741669178009
0.45458781719207764
0.4977777600288391
0.456927090883255
0.5389277935028076
0.46553874015808105
0.4874689280986786
0.4073162078857422
0.4536063075065613
0.42050862312316895
0.44296494126319885
0.3907121419906616
0.4339699447154999
0.5009227991104126
0.4517799913883209
0.40004464983940125
0.4293116629123688
0.4845256209373474
0.5013010501861572
0.4668951630592346
0.45696061849594116
0.4494091272354126
0.47242334485054016
0.4504484236240387
0.4456649422645569
0.4605644941329956
0.4971146285533905
0.4457758963108063
0.46808379888534546
0.4258684515953064
0.4632103443145752
0.43361127376556396
0.42118051648139954
0.40640974044799805
0.5188323259353638
0.4634140431880951
0.44080790877342224
0.43968820571899414
0.3961573541164398
0.46256378293037415
0.40562617778778076
0.5219268798828125
0.4661000072956085
0.4948347210884094
0.4482714533805847
0.475298672914505
0.42745471000671387
0.4638284146785736
0.444035142660141
0.4764942526817322
0.4284382164478302
0.44753602147102356
0.41666659712791443
0.46292605996131897
0.46277835965156555
0.41833001375198364
0.42969638109207153
0.5060077905654907
0.43903765082359314
0.4596033990383148
0.4298786520957947
0.44663503766059875
0.4036243259906769
0.4550253450870514
0.4178755283355713
0.4902934730052948
0.48091378808021545
0.48501691222190857
0.5133140087127686
0.4453914165496826
0.47532904148101807
0.4662686288356781
0.48899391293525696
0.46086153388023376
0.4625891447067261
0.4465164840221405
0.45666730403900146
0.46647289395332336
0.42144057154655457
0.4424920380115509
0.39264965057373047
0.4607029855251312
0.43586990237236023
0.4844459891319275
0.43077680468559265
0.4585326910018921
0.4552801251411438
0.41362467408180237
0.44130739569664
0.447677344083786
0.43910232186317444
0.5137031078338623
0.45033401250839233
0.4381973147392273
0.4652124345302582
0.40501269698143005
0.45154526829719543
0.46234560012817383
0.4610019624233246
0.44684791564941406
0.4448101222515106
0.4758895933628082
0.4496825039386749
0.4196203947067261
0.4518871307373047
0.461762398481369
0.5018891096115112
0.4562818706035614
0.42649924755096436
0.4714007079601288
0.4482555687427521
0.4481934607028961
0.3864254653453827
0.45081132650375366
0.3683098554611206
0.43937379121780396
0.4607792794704437
0.4383648633956909
0.4027369022369385
0.43939852714538574
0.49874576926231384
0.4659583866596222
0.48381078243255615
0.44526442885398865
0.4323379099369049
0.4332229197025299
0.4399600923061371
0.4058375656604767
0.47577717900276184
0.4428543150424957
0.4889122247695923
0.48120611906051636
0.46471989154815674
0.42449650168418884
0.42228463292121887
0.46705976128578186
0.4161009192466736
0.4418734312057495
0.4495346248149872
0.46068447828292847
0.44581663608551025
0.3656812906265259
0.42693138122558594
0.4679296910762787
0.4153526723384857
0.49598681926727295
0.4164935350418091
0.3940262794494629
0.4527362585067749
0.4560604393482208
0.4583221673965454
0.48845982551574707
0.4552821218967438
0.43291643261909485
0.46287593245506287
0.439069539308548
0.482008695602417
0.40773266553878784
0.43890640139579773
0.39804741740226746
0.4256228506565094
0.5345207452774048
0.4601387679576874
0.5076240301132202
0.4505990743637085
0.47844135761260986
0.43289947509765625
0.5279777646064758
0.4407847821712494
0.44808489084243774
0.44803911447525024
0.5134445428848267
0.47975268959999084
0.4636818468570709
0.508155345916748
0.4395762085914612
0.4833294153213501
0.44162261486053467
0.4328154921531677
0.4504936635494232
0.4254448115825653
0.4277103543281555
0.44079047441482544
0.42049556970596313
0.4299790859222412
0.38781774044036865
0.4212307631969452
0.4706302583217621
0.4468570649623871
0.4754374027252197
0.42742353677749634
0.4526095390319824
0.3949245810508728
0.48951980471611023
0.451865553855896
0.43108585476875305
0.406759113073349
0.405595600605011
0.43202075362205505
0.49052608013153076
0.45776739716529846
0.42501911520957947
0.45184797048568726
0.4832283556461334
0.4849020838737488
0.42808541655540466
0.4753331243991852
0.47394540905952454
0.42423203587532043
0.4378942847251892
0.4494745433330536
0.44075387716293335
0.45210587978363037
0.46044811606407166
0.4069035053253174
0.4965847134590149
0.48572319746017456
0.46014606952667236
0.4545222520828247
0.44870615005493164
0.4639439284801483
0.39469388127326965
0.4732339680194855
0.4916856288909912
0.4962293803691864
0.4171692132949829
0.45782971382141113
0.4530671536922455
0.4476718604564667
0.4552297294139862
0.4234500825405121
0.4714437425136566
0.44452428817749023
0.43185845017433167
0.45054253935813904
0.47256091237068176
0.45348256826400757
0.40747392177581787
0.45751023292541504
0.4259813129901886
0.43197983503341675
0.48081690073013306
0.4438011050224304
0.4204002320766449
0.40963491797447205
0.4430677592754364
0.500356137752533
0.4368029236793518
0.4033723473548889
0.4511241912841797
0.4357643723487854
0.48766469955444336
0.4786940813064575
0.478788822889328
0.44833463430404663
0.4482368230819702
0.4557741582393646
0.45879706740379333
0.43078070878982544
0.45818933844566345
0.4596489667892456
0.43925741314888
0.45854485034942627
0.43826282024383545
0.4462387263774872
0.41731420159339905
0.41306230425834656
0.3688639998435974
0.4343428611755371
0.46105560660362244
0.4083852171897888
0.41933321952819824
0.3923443555831909
0.42937031388282776
0.466043084859848
0.44474339485168457
0.48542535305023193
0.41839927434921265
0.48468539118766785
0.48163115978240967
0.4246533215045929
0.4542938768863678
0.441416472196579
0.37217938899993896
0.4333094656467438
0.39309942722320557
0.45584341883659363
0.42004141211509705
0.4713517725467682
0.4547710120677948
0.4500617980957031
0.411633163690567
0.4612414538860321
0.4547683894634247
0.4517149031162262
0.4294729232788086
0.47539022564888
0.42637768387794495
0.5070703625679016
0.4756582975387573
0.46869027614593506
0.4078720211982727
0.4952162206172943
0.45608392357826233
0.4380488693714142
0.4557524025440216
0.47372108697891235
0.3850785791873932
0.4729226231575012
0.4327854812145233
0.4889157712459564
0.421135276556015
0.44907906651496887
0.45073071122169495
0.43367838859558105
0.41724324226379395
0.4644874334335327
0.42627453804016113
0.4510616064071655
0.4822596609592438
0.4233826696872711
0.4593236744403839
0.44566619396209717
0.4311858117580414
0.48111692070961
0.4168194532394409
0.4081515073776245
0.4050191640853882
0.44952988624572754
0.475815087556839
0.474420428276062
0.443922221660614
0.41638433933258057
0.4330686032772064
0.4035479426383972
0.42192205786705017
0.43155375123023987
0.5072338581085205
0.4526428282260895
0.46556660532951355
0.4356178045272827
0.42127102613449097
0.47267216444015503
0.41739729046821594
0.485880970954895
0.3857901692390442
0.4354104995727539
0.43454283475875854
0.40768691897392273
0.4723037779331207
0.38821473717689514
0.4472888112068176
0.473187655210495
0.4237011671066284
0.4209792912006378
0.47187453508377075
0.4322899878025055
0.42966631054878235
0.3617459237575531
0.3541626036167145
0.5363054871559143
0.46070995926856995
0.4485378861427307
0.43581950664520264
0.44747188687324524
0.5144519805908203
0.44487375020980835
0.48570019006729126
0.43885013461112976
0.45689693093299866
0.39644864201545715
0.43728524446487427
0.4522911608219147
0.3949967920780182
0.4604455530643463
0.44548243284225464
0.5492505431175232
0.43691834807395935
0.38550880551338196
0.42582187056541443
0.3851311206817627
0.43209415674209595
0.46958303451538086
0.43527308106422424
0.37224510312080383
0.43314462900161743
0.42430830001831055
0.44036754965782166
0.43488818407058716
0.4805140495300293
0.4622940719127655
0.46543505787849426
0.3825850188732147
0.4100620448589325
0.41844215989112854
0.4052882194519043
0.46583399176597595
0.4707384407520294
0.4486036002635956
0.4140418469905853
0.40224379301071167
0.4347290098667145
0.4780723750591278
0.44356676936149597
0.5185367465019226
0.4456079304218292
0.4691273272037506
0.3912105858325958
0.43865031003952026
0.40183025598526
0.42769578099250793
0.3741452395915985
0.4158324599266052
0.475686639547348
0.43275630474090576
0.38600340485572815
0.4053855538368225
0.46651679277420044
0.477505087852478
0.4499861001968384
0.4339309334754944
0.4342975914478302
0.4584387540817261
0.43445712327957153
0.42992767691612244
0.4384493827819824
0.4737992584705353
0.4308989644050598
0.4556869566440582
0.4131283462047577
0.4462023377418518
0.4174876809120178
0.4078866243362427
0.3903425931930542
0.49775800108909607
0.454443097114563
0.4345206320285797
0.42351213097572327
0.3791581988334656
0.44261884689331055
0.38765648007392883
0.500476062297821
0.45001983642578125
0.4801727831363678
0.4301844835281372
0.4522794783115387
0.41196969151496887
0.4455358684062958
0.42558926343917847
0.4579538404941559
0.410086452960968
0.43011653423309326
0.4025571644306183
0.44407394528388977
0.444125771522522
0.4035312831401825
0.4156801700592041
0.4831545650959015
0.4214381277561188
0.44360843300819397
0.4139314591884613
0.4330969452857971
0.3867003619670868
0.44059324264526367
0.39986008405685425
0.47469526529312134
0.46469366550445557
0.4648560881614685
0.49189937114715576
0.4300491511821747
0.4604782164096832
0.4480762779712677
0.4728805422782898
0.44082725048065186
0.44389230012893677
0.4285215437412262
0.4474811255931854
0.4507688879966736
0.4038499891757965
0.42500606179237366
0.3793177008628845
0.44184163212776184
0.417454332113266
0.47259995341300964
0.4141184985637665
0.4414049983024597
0.4445748031139374
0.3976786136627197
0.42455169558525085
0.4281979203224182
0.4195387363433838
0.49996280670166016
0.428977906703949
0.42384812235832214
0.45584505796432495
0.39174214005470276
0.44028154015541077
0.4491104483604431
0.44972145557403564
0.4362170994281769
0.4312330186367035
0.4604591429233551
0.43646499514579773
0.4061964154243469
0.4353620409965515
0.4474053680896759
0.4804166853427887
0.4367716312408447
0.4090481698513031
0.45543402433395386
0.43309882283210754
0.42416703701019287
0.37345820665359497
0.43342483043670654
0.35255536437034607
0.4211142063140869
0.4455084800720215
0.42688339948654175
0.385643869638443
0.4205226004123688
0.4805189073085785
0.4508286118507385
0.46207475662231445
0.4283447861671448
0.4126454293727875
0.42032256722450256
0.4256856143474579
0.39143237471580505
0.4589569568634033
0.42717310786247253
0.46956944465637207
0.46567216515541077
0.4468430280685425
0.40850165486335754
0.40771088004112244
0.4528385102748871
0.39781972765922546
0.4190581142902374
0.4306943714618683
0.44254353642463684
0.42878714203834534
0.3508414030075073
0.41353827714920044
0.44944894313812256
0.4052196145057678
0.47270068526268005
0.3962858021259308
0.3803829252719879
0.43717384338378906
0.4365711510181427
0.4409530758857727
0.46270492672920227
0.43508318066596985
0.4186830520629883
0.45033395290374756
0.41967877745628357
0.4649704694747925
0.3966369032859802
0.42420104146003723
0.3815075755119324
0.41278910636901855
0.5167755484580994
0.44551804661750793
0.4887423813343048
0.433706670999527
0.46222999691963196
0.41866329312324524
0.5097747445106506
0.41897985339164734
0.4294877052307129
0.4261157512664795
0.4910524785518646
0.46053555607795715
0.44263043999671936
0.48928773403167725
0.42391422390937805
0.47351914644241333
0.4235193431377411
0.4170210361480713
0.434486985206604
0.4051552414894104
0.4044923484325409
0.4283657670021057
0.40428999066352844
0.4173922836780548
0.3708491623401642
0.40991926193237305
0.4532645344734192
0.4274248480796814
0.45730671286582947
0.4082579016685486
0.43699440360069275
0.37731921672821045
0.4708583950996399
0.434253454208374
0.4131339490413666
0.391176700592041
0.39201512932777405
0.4165412485599518
0.4687539041042328
0.4407222867012024
0.4132709205150604
0.43485310673713684
0.4611749053001404
0.46744096279144287
0.40862417221069336
0.4602855145931244
0.45728930830955505
0.407022088766098
0.4245469570159912
0.4360961616039276
0.42453011870384216
0.4347328841686249
0.4437330365180969
0.38776302337646484
0.47890111804008484
0.4722074866294861
0.4465732276439667
0.43598473072052
0.4334096610546112
0.44848066568374634
0.3799326717853546
0.4561667740345001
0.47496357560157776
0.4790635108947754
0.41039973497390747
0.44133231043815613
0.43485620617866516
0.43564409017562866
0.4437367618083954
0.4100915491580963
0.4531919062137604
0.4290732741355896
0.41332554817199707
0.4379604458808899
0.4553721249103546
0.44008591771125793
0.3943093717098236
0.43790483474731445
0.41044673323631287
0.42241159081459045
0.46072328090667725
0.4250856935977936
0.4056181311607361
0.39599037170410156
0.4280400574207306
0.48115813732147217
0.42429500818252563
0.39344456791877747
0.43929317593574524
0.421237587928772
0.46816983819007874
0.4620457589626312
0.4655444025993347
0.42941102385520935
0.4309995472431183
0.43761831521987915
0.4434923529624939
0.4183674156665802
0.4453738033771515
0.44198837876319885
0.4217882454395294
0.4417101740837097
0.42471441626548767
0.4329605996608734
0.40017569065093994
0.39699938893318176
0.35383403301239014
0.4176459014415741
0.44613730907440186
0.3907278776168823
0.40180081129074097
0.3773472011089325
0.41347283124923706
0.4489184021949768
0.4253289997577667
0.47115176916122437
0.40059971809387207
0.46280190348625183
0.46219679713249207
0.40522176027297974
0.43449869751930237
0.4310641884803772
0.3522403836250305
0.422174870967865
0.3778519332408905
0.4405714273452759
0.4025227725505829
0.4540610611438751
0.43825194239616394
0.4368552267551422
0.39734143018722534
0.44369226694107056
0.4315441846847534
0.4323202073574066
0.4114811420440674
0.46107664704322815
0.4121948778629303
0.49049651622772217
0.4606000781059265
0.4510869085788727
0.391452431678772
0.4814254939556122
0.44405215978622437
0.421374648809433
0.44186025857925415
0.45479026436805725
0.3715445399284363
0.45892593264579773
0.4171142578125
0.47444573044776917
0.40802958607673645
0.43385642766952515
0.4368661642074585
0.42149341106414795
0.40479591488838196
0.44641733169555664
0.4157539904117584
0.4341088533401489
0.4650658667087555
0.4071751534938812
0.44515934586524963
0.4273083508014679
0.4153502881526947
0.46150994300842285
0.39860618114471436
0.395211398601532
0.39047130942344666
0.43659257888793945
0.459734171628952
0.460851788520813
0.4261491000652313
0.40488314628601074
0.41793274879455566
0.3850266635417938
0.40864917635917664
0.42118021845817566
0.484162837266922
0.43423086404800415
0.45828333497047424
0.41616109013557434
0.40202057361602783
0.45533430576324463
0.39731889963150024
0.4727228283882141
0.3644867539405823
0.41416966915130615
0.4226951003074646
0.39626601338386536
0.45742130279541016
0.37541452050209045
0.42745307087898254
0.45507362484931946
0.4092545807361603
0.4035651385784149
0.45468881726264954
0.4109720289707184
0.4155563414096832
0.34489214420318604
0.34445086121559143
0.5178752541542053
0.4446595311164856
0.43181467056274414
0.4178832471370697
0.42934125661849976
0.4897334575653076
0.4331996738910675
0.4683370292186737
0.4175083041191101
0.4378730058670044
0.3784407079219818
0.4148349165916443
0.4361768662929535
0.3806709349155426
0.445494145154953
0.4296379089355469
0.5338910818099976
0.42104554176330566
0.3682211637496948
0.4120854437351227
0.37131303548812866
0.4161892533302307
0.4479442834854126
0.42215341329574585
0.361123651266098
0.4166959226131439
0.4128776788711548
0.43147167563438416
0.41393494606018066
0.4625594913959503
0.4407758414745331
0.4518502950668335
0.3658948540687561
0.3953222632408142
0.4056583642959595
0.38745084404945374
0.4466460347175598
0.45530688762664795
0.4327917695045471
0.40091362595558167
0.3886432349681854
0.4249112606048584
0.46448495984077454
0.4293416142463684
0.5022649765014648
0.4342258870601654
0.4543851613998413
0.378340482711792
0.4275864064693451
0.38717347383499146
0.4139481484889984
0.36015066504478455
0.3976544141769409
0.4622122049331665
0.41735780239105225
0.3717903196811676
0.39547020196914673
0.45110198855400085
0.4557151198387146
0.43211811780929565
0.4223044216632843
0.4118778109550476
0.4332616627216339
0.42184334993362427
0.4103408753871918
0.42031562328338623
0.45961448550224304
0.41790491342544556
0.443854957818985
0.39608147740364075
0.4254011809825897
0.3995625972747803
0.3905102014541626
0.3782914876937866
0.4756356179714203
0.43692487478256226
0.41430747509002686
0.407250314950943
0.3683169484138489
0.42651453614234924
0.3737972676753998
0.4812341332435608
0.43310585618019104
0.46127983927726746
0.4133559763431549
0.4377312958240509
0.3977523148059845
0.4313613176345825
0.4151528477668762
0.43600812554359436
