13.175948143005371
10.069655418395996
8.677680015563965
7.882503986358643
7.3882904052734375
7.098642826080322
6.950465202331543
6.866737365722656
6.7521653175354
6.742245674133301
6.588617324829102
6.641605854034424
6.538089275360107
6.550926685333252
6.51069450378418
6.532422065734863
6.516294956207275
6.465785026550293
6.511116027832031
6.350497245788574
6.372858047485352
6.322706699371338
6.3522186279296875
6.229300022125244
6.231200218200684
6.103764057159424
6.103649616241455
6.109786033630371
6.029449462890625
6.002083778381348
5.907536506652832
6.01401948928833
5.938312530517578
5.961121559143066
5.8991379737854
5.838515758514404
5.799179553985596
5.7213215827941895
5.7122602462768555
5.699587821960449
5.700133323669434
5.708646297454834
5.660302639007568
5.598043918609619
5.556380748748779
5.477569580078125
5.453067779541016
5.476820468902588
5.453885078430176
5.4050517082214355
5.354307651519775
5.387653350830078
5.3182806968688965
5.219077110290527
5.318607807159424
5.257090091705322
5.279924392700195
5.221259593963623
5.129080772399902
5.162772178649902
5.081783294677734
5.113491535186768
4.997010231018066
5.0019683837890625
4.900533676147461
4.981017112731934
4.949953079223633
4.93696403503418
4.859747409820557
4.861883163452148
4.903632164001465
4.836994171142578
4.810957431793213
4.73356294631958
4.69871711730957
4.675825595855713
4.670994758605957
4.636270999908447
4.647169589996338
4.645946979522705
4.651808738708496
4.585111141204834
4.569730758666992
4.5015153884887695
4.454892635345459
4.451571464538574
4.431498050689697
4.410039901733398
4.394902229309082
4.372828006744385
4.3095197677612305
4.195440292358398
4.280324459075928
4.248398780822754
4.232851505279541
4.289935111999512
4.139319896697998
4.108940601348877
4.129032611846924
4.130733489990234
4.119068145751953
4.116701602935791
4.063230514526367
3.9974193572998047
3.9814021587371826
3.9627745151519775
3.973017692565918
3.8571062088012695
3.904816150665283
3.8031814098358154
3.814476728439331
3.8851072788238525
3.80977725982666
3.7972588539123535
3.7693326473236084
3.7459380626678467
3.7034828662872314
3.7495110034942627
3.618299722671509
3.6264781951904297
3.608760356903076
3.648362159729004
3.579113721847534
3.5487470626831055
3.596052408218384
3.505941867828369
3.507075071334839
3.4256927967071533
3.399829387664795
3.382633924484253
3.3384149074554443
3.300265073776245
3.293112277984619
3.2676892280578613
3.268714427947998
3.200423002243042
3.2090015411376953
3.2424840927124023
3.157541036605835
3.1520919799804688
3.114011764526367
3.104099988937378
3.0304203033447266
3.1419734954833984
3.0212042331695557
3.0160117149353027
2.95200777053833
2.9233343601226807
2.919905424118042
3.008178234100342
2.923079013824463
2.8673994541168213
2.8598532676696777
2.8808159828186035
2.8483409881591797
2.782804250717163
2.767625331878662
2.7712771892547607
2.694504499435425
2.7012715339660645
2.6881747245788574
2.683511972427368
2.6444718837738037
2.650083303451538
2.5766313076019287
2.647364377975464
2.594877243041992
2.5565927028656006
2.5303359031677246
2.5125436782836914
2.5007920265197754
2.399158477783203
2.4417405128479004
2.4486846923828125
2.4455528259277344
2.3507487773895264
2.3740968704223633
2.381249189376831
2.2919721603393555
2.2951905727386475
2.2440173625946045
2.258662700653076
2.229088544845581
2.1864473819732666
2.2172658443450928
2.198309898376465
2.1815664768218994
2.0988001823425293
2.1528141498565674
2.1424520015716553
2.0848021507263184
2.088738203048706
2.0553088188171387
2.0201995372772217
1.98710298538208
1.9937502145767212
2.0386784076690674
1.9559956789016724
1.9119359254837036
1.9782145023345947
1.9061511754989624
1.9502778053283691
1.9145969152450562
1.8997056484222412
1.8627179861068726
1.8574371337890625
1.7948886156082153
1.819337010383606
1.7925703525543213
1.8178749084472656
1.8095190525054932
1.7145380973815918
1.747781753540039
1.7042073011398315
1.742875099182129
1.6524115800857544
1.6488678455352783
1.609658122062683
1.6523069143295288
1.6609536409378052
1.5561866760253906
1.5952699184417725
1.5209157466888428
1.5776909589767456
1.593207836151123
1.5733904838562012
1.5949171781539917
1.525009274482727
1.5685327053070068
1.5460100173950195
1.4873982667922974
1.4888166189193726
1.4501712322235107
1.3737746477127075
1.41713285446167
1.387548804283142
1.463054895401001
1.3885771036148071
1.439393401145935
1.430716872215271
1.4086445569992065
1.3404262065887451
1.3692851066589355
1.4070675373077393
1.3521007299423218
1.3308058977127075
1.3706613779067993
1.297987937927246
1.3881120681762695
1.326439619064331
1.317699909210205
1.2441059350967407
1.343536138534546
1.2375625371932983
1.2310266494750977
1.2505549192428589
1.290942668914795
1.1516307592391968
1.2591723203659058
1.171465516090393
1.259964942932129
1.1620386838912964
1.199568271636963
1.1829020977020264
1.1629164218902588
1.1201965808868408
1.1846164464950562
1.1137300729751587
1.1217689514160156
1.1711478233337402
1.1357537508010864
1.1435781717300415
1.1146491765975952
1.094083309173584
1.1065822839736938
1.045426845550537
1.023800253868103
1.065183401107788
1.0674800872802734
1.0902460813522339
1.1108903884887695
1.0487629175186157
1.0247786045074463
1.0379585027694702
0.9747334718704224
0.9916747808456421
1.0083986520767212
1.0851807594299316
1.0030310153961182
1.0426485538482666
0.9872264266014099
0.968623697757721
1.0327292680740356
0.9601592421531677
1.0463151931762695
0.9058007597923279
0.9555440545082092
0.9429059028625488
0.9174667596817017
0.9833652377128601
0.8824664354324341
0.9486308097839355
0.9619337916374207
0.9102483987808228
0.8826072216033936
0.9231981635093689
0.9084498286247253
0.8736742734909058
0.8105687499046326
0.8017659783363342
1.0161234140396118
0.9022963047027588
0.914975106716156
0.9041113257408142
0.8837947249412537
0.9565516710281372
0.8724614977836609
0.9286269545555115
0.8804638385772705
0.8746019601821899
0.802336573600769
0.8384881019592285
0.8531073331832886
0.7864312529563904
0.8693171143531799
0.8633351922035217
0.9492634534835815
0.8311702013015747
0.7609376907348633
0.8093945384025574
0.7465246915817261
0.8081052899360657
0.8160787224769592
0.7953732013702393
0.7375986576080322
0.7984046339988708
0.7531533241271973
0.7785733342170715
0.7634475231170654
0.8322649598121643
0.8034615516662598
0.8027822375297546
0.7308917045593262
0.7448779940605164
0.7448251843452454
0.7299330830574036
0.77506023645401
0.7823121547698975
0.7254458069801331
0.7115399241447449
0.6967875361442566
0.7127854228019714
0.775255560874939
0.7004576921463013
0.8158165216445923
0.7259747982025146
0.7514820694923401
0.6901595592498779
0.7058175206184387
0.6728798151016235
0.6890036463737488
0.6506989598274231
0.6725225448608398
0.7469934821128845
0.7037484645843506
0.6629805564880371
0.6412567496299744
0.7059635519981384
0.7177477478981018
0.695751428604126
0.6621022820472717
0.6734625101089478
0.6826578974723816
0.6324009299278259
0.6646373271942139
0.6830211877822876
0.7052072882652283
0.6450145244598389
0.6625537872314453
0.6465526819229126
0.6524470448493958
0.6248120069503784
0.6294164061546326
0.5955151915550232
0.7037529349327087
0.6475064158439636
0.6172161102294922
0.6334171891212463
0.571844220161438
0.6422953009605408
0.5690945982933044
0.6629766821861267
0.6460044980049133
0.659653902053833
0.6056109666824341
0.6248190999031067
0.5708048939704895
0.6054276823997498
0.5976780652999878
0.622290313243866
0.579648494720459
0.58247971534729
0.556130588054657
0.5837852954864502
0.5973250269889832
0.5683090686798096
0.5772985816001892
0.6261324882507324
0.5882716178894043
0.5853363871574402
0.5561861991882324
0.5659964084625244
0.5188494324684143
0.5820663571357727
0.5409992337226868
0.6008355021476746
0.6050805449485779
0.5872064828872681
0.6163731217384338
0.5236846208572388
0.5634121298789978
0.5523747801780701
0.5969593524932861
0.5459396839141846
0.5737229585647583
0.5095167756080627
0.5258971452713013
0.5494200587272644
0.5078121423721313
0.5126243233680725
0.47225436568260193
0.5437892079353333
0.5147122144699097
0.553669810295105
0.5018352270126343
0.5362377166748047
0.5176270008087158
0.4986833930015564
0.5125795006752014
0.48931416869163513
0.5039301514625549
0.5495643615722656
0.5250953435897827
0.4997458755970001
0.502282440662384
0.43905961513519287
0.5171347260475159
0.5008834600448608
0.5133064389228821
0.49039962887763977
0.505002498626709
0.5228764414787292
0.4498974084854126
0.4507286250591278
0.5058329701423645
0.5159251689910889
0.5357728004455566
0.4873906672000885
0.46713733673095703
0.4841860234737396
0.467361718416214
0.47909724712371826
0.4270256757736206
0.4720606207847595
0.39941397309303284
0.46170347929000854
0.4740539491176605
0.46911299228668213
0.43931788206100464
0.4490010142326355
0.5040443539619446
0.46950528025627136
0.46304917335510254
0.45185667276382446
0.445622056722641
0.4373970925807953
0.4421836733818054
0.4278324544429779
0.46393999457359314
0.44126150012016296
0.4954044818878174
0.47563329339027405
0.44665974378585815
0.4369148910045624
0.424653023481369
0.4469922184944153
0.4131198227405548
0.4246119558811188
0.4379946291446686
0.4460616409778595
0.42116835713386536
0.34992846846580505
0.4091331660747528
0.45270875096321106
0.4038080871105194
0.46223515272140503
0.4116528630256653
0.3839073181152344
0.40567201375961304
0.42193448543548584
0.4376598596572876
0.44030505418777466
0.41465508937835693
0.394330769777298
0.41783246397972107
0.4079056978225708
0.4300735592842102
0.38361188769340515
0.40820804238319397
0.3607538938522339
0.38181865215301514
0.4477333426475525
0.41302329301834106
0.42842069268226624
0.4087449610233307
0.4288969337940216
0.3866393268108368
0.45907533168792725
0.385345995426178
0.405172199010849
0.396502822637558
0.43388959765434265
0.43246641755104065
0.38614338636398315
0.42282575368881226
0.391099214553833
0.39947494864463806
0.3741823136806488
0.3790655732154846
0.391796737909317
0.37160319089889526
0.35209521651268005
0.35573610663414
0.35870683193206787
0.38323304057121277
0.340349942445755
0.35024160146713257
0.40859952569007874
0.3578541576862335
0.3718283474445343
0.36714819073677063
0.3714931905269623
0.3493260443210602
0.4000953733921051
0.3603152334690094
0.36696702241897583
0.3230840861797333
0.33213791251182556
0.34907862544059753
0.4112756550312042
0.35994067788124084
0.34950920939445496
0.35895466804504395
0.3874262273311615
0.4003262221813202
0.35510197281837463
0.36892151832580566
0.38096392154693604
0.3404172658920288
0.3452165424823761
0.34750720858573914
0.3773518204689026
0.3455623686313629
0.3691937029361725
0.33483558893203735
0.37888219952583313
0.3758898675441742
0.36270299553871155
0.35162776708602905
0.3242182433605194
0.36491653323173523
0.302633672952652
0.37221312522888184
0.35458695888519287
0.3610253930091858
0.31994569301605225
0.3525610864162445
0.35845181345939636
0.3382335305213928
0.32595810294151306
0.3236250877380371
0.3358905017375946
0.30695194005966187
0.32754766941070557
0.3431148827075958
0.34379422664642334
0.339521199464798
0.28372886776924133
0.3453567624092102
0.3358602225780487
0.29995858669281006
0.3504161834716797
0.30877500772476196
0.3028290271759033
0.2943269610404968
0.3135913610458374
0.3460385799407959
0.3045269846916199
0.29379910230636597
0.3117654323577881
0.30495718121528625
0.3532578647136688
0.3436776399612427
0.35510653257369995
0.30753129720687866
0.3122539818286896
0.2931416928768158
0.3153306543827057
0.2910979688167572
0.3150557577610016
0.3251480162143707
0.286749929189682
0.3100413382053375
0.3070215582847595
0.30245888233184814
0.2853862941265106
0.2695140540599823
0.26052629947662354
0.2971077859401703
0.32123082876205444
0.277761846780777
0.2818402051925659
0.25934097170829773
0.2905687391757965
0.31213417649269104
0.2959272563457489
0.29714107513427734
0.27529314160346985
0.3245995342731476
0.3321852684020996
0.2663481831550598
0.28574085235595703
0.27374786138534546
0.25524455308914185
0.26388293504714966
0.26906073093414307
0.294643759727478
0.27553749084472656
0.28936663269996643
0.3028336465358734
0.2924582362174988
0.2591099441051483
0.286418616771698
0.2784397006034851
0.285301148891449
0.27015942335128784
0.31677621603012085
0.2850108742713928
0.3011931777000427
0.2920900285243988
0.27578744292259216
0.24244868755340576
0.3281014859676361
0.27841028571128845
0.2738684117794037
0.28812333941459656
0.3175155520439148
0.22431644797325134
0.3075074553489685
0.24988692998886108
0.31223711371421814
0.2612552046775818
0.28209221363067627
0.27971363067626953
0.27307572960853577
0.2505229115486145
0.2943204939365387
0.24373750388622284
0.2658425271511078
0.3004361689090729
0.2546829879283905
0.27375122904777527
0.260042279958725
0.2700784206390381
0.27943184971809387
0.2524760961532593
0.24034443497657776
0.2448333203792572
0.2534518539905548
0.29358088970184326
0.27871814370155334
0.26761820912361145
0.23209714889526367
0.25136861205101013
0.23172999918460846
0.23640678822994232
0.2532801330089569
0.29173099994659424
0.2612037658691406
0.27585625648498535
0.255754679441452
0.23947925865650177
0.2935771346092224
0.22895799577236176
0.2832023501396179
0.2128860205411911
0.24266566336154938
0.2503620684146881
0.22987067699432373
0.2660609185695648
0.2225273698568344
0.24771873652935028
0.27938029170036316
0.24886730313301086
0.23705951869487762
0.2636615037918091
0.2414792776107788
0.22523491084575653
0.18365421891212463
0.1815216839313507
0.30846330523490906
0.2415674477815628
0.24644702672958374
0.2542537450790405
0.2541402578353882
0.2744786739349365
0.23995138704776764
0.28199732303619385
0.2600448429584503
0.25998058915138245
0.23675107955932617
0.23647873103618622
0.227717325091362
0.23113949596881866
0.25219208002090454
0.2544061541557312
0.28678542375564575
0.23378103971481323
0.20429642498493195
0.2207767516374588
0.21116110682487488
0.23537373542785645
0.24234358966350555
0.2297469824552536
0.18767523765563965
0.23373085260391235
0.21535377204418182
0.2362169623374939
0.228938028216362
0.25839316844940186
0.26045048236846924
0.24269364774227142
0.21233969926834106
0.20605050027370453
0.2124585062265396
0.2195967733860016
0.23764415085315704
0.235336571931839
0.23867376148700714
0.21536220610141754
0.20110759139060974
0.2190321981906891
0.26905757188796997
0.21364356577396393
0.297123521566391
0.21238501369953156
0.23934528231620789
0.20882192254066467
0.21504086256027222
0.2003701776266098
0.21235013008117676
0.18460358679294586
0.18892475962638855
0.24598842859268188
0.22709010541439056
0.20902663469314575
0.1886904239654541
0.2358064502477646
0.24197658896446228
0.22460968792438507
0.22183258831501007
0.22200709581375122
0.21892394125461578
0.1963447779417038
0.21404308080673218
0.22552774846553802
0.22993679344654083
0.20939025282859802
0.21992932260036469
0.1942327469587326
0.21586494147777557
0.2062285989522934
0.18243080377578735
0.19629809260368347
0.25294017791748047
0.21084992587566376
0.20519649982452393
0.21919555962085724
0.17238672077655792
0.2159825563430786
0.16263186931610107
0.2298094779253006
0.22786280512809753
0.23126283288002014
0.2034503072500229
0.2049819380044937
0.19336283206939697
0.19999690353870392
0.1826765239238739
0.21493205428123474
0.18493986129760742
0.1968444436788559
0.18680670857429504
0.20425665378570557
0.21364493668079376
0.19169208407402039
0.19170796871185303
0.21094055473804474
0.19156710803508759
0.184869185090065
0.18728578090667725
0.18662996590137482
0.16936732828617096
0.2195168137550354
0.19314467906951904
0.22407889366149902
0.22749847173690796
0.2152068018913269
0.2130512297153473
0.1728476583957672
0.20113450288772583
0.18251030147075653
0.2129756212234497
0.18695148825645447
0.20943143963813782
0.177040696144104
0.18897214531898499
0.19877392053604126
0.18297353386878967
0.17772434651851654
0.1579565554857254
0.19109082221984863
0.17492929100990295
0.19897712767124176
0.16578783094882965
0.20401959121227264
0.19064846634864807
0.18569006025791168
0.19080930948257446
0.18389713764190674
0.16776680946350098
0.20508840680122375
0.18999312818050385
0.17058086395263672
0.18505513668060303
0.1449735015630722
0.21511533856391907
0.1829565316438675
0.19367322325706482
0.1773213893175125
0.20243656635284424
0.20078805088996887
0.1521969586610794
0.17343463003635406
0.1815813183784485
0.19999316334724426
0.20618091523647308
0.17446085810661316
0.18715444207191467
0.17651057243347168
0.1803244650363922
0.18138255178928375
0.14931239187717438
0.18913403153419495
0.14591999351978302
0.17513474822044373
0.18395473062992096
0.1884949505329132
0.16511350870132446
0.16733869910240173
0.1985223889350891
0.18248964846134186
0.17172330617904663
0.18017302453517914
0.18307797610759735
0.1734430491924286
0.16986200213432312
0.1585264354944229
0.1949283480644226
0.15318696200847626
0.19751381874084473
0.19634337723255157
0.16660787165164948
0.16694197058677673
0.17189845442771912
0.1873176097869873
0.15285025537014008
0.15416398644447327
0.17249254882335663
0.17563802003860474
0.17002315819263458
0.1328931748867035
0.1487501859664917
0.2030922919511795
0.14530283212661743
0.177575021982193
0.16615159809589386
0.1383305788040161
0.1558515876531601
0.1638181358575821
0.17129607498645782
0.17475035786628723
0.1579481065273285
0.15328656136989594
0.16991867125034332
0.16078700125217438
0.17431282997131348
0.1625259667634964
0.16356217861175537
0.14134204387664795
0.1514153927564621
0.18470099568367004
0.16695454716682434
0.18162281811237335
0.15534208714962006
0.18089839816093445
0.1470383256673813
0.20035119354724884
0.156465545296669
0.1700722873210907
0.15989921987056732
0.19216328859329224
0.19521264731884003
0.14951816201210022
0.16913194954395294
0.15692634880542755
0.1585218608379364
0.15419791638851166
0.1570127308368683
0.1764880269765854
0.15486229956150055
0.14340542256832123
0.13795915246009827
0.14167314767837524
0.16140790283679962
0.13849183917045593
0.1349746435880661
0.1801622360944748
0.15493933856487274
0.15882864594459534
0.15871454775333405
0.15611712634563446
0.15513929724693298
0.16528679430484772
0.15269380807876587
0.15389183163642883
0.12109245359897614
0.13739368319511414
0.14963141083717346
0.17428116500377655
0.14612098038196564
0.1428201049566269
0.14771583676338196
0.16712673008441925
0.17811666429042816
0.1473928540945053
0.16287145018577576
0.17196060717105865
0.15193113684654236
0.15340733528137207
0.14522774517536163
0.17457447946071625
0.14639675617218018
0.16167913377285004
0.14199106395244598
0.1623792052268982
0.1677980273962021
0.16824817657470703
0.14657574892044067
0.13041970133781433
0.16476388275623322
0.12805981934070587
0.1889597326517105
0.1528693288564682
0.1573038399219513
0.1391517072916031
0.1629871428012848
0.15735940635204315
0.1573556810617447
0.13918323814868927
0.1408214122056961
0.1551058441400528
0.12368286401033401
0.15042412281036377
0.1553981453180313
0.15675966441631317
0.1585277020931244
0.11520717293024063
0.1603568196296692
0.1469675451517105
0.11838267743587494
0.16879524290561676
0.13276933133602142
0.13485446572303772
0.12850205600261688
0.14608246088027954
0.154561847448349
0.13608203828334808
0.12623919546604156
0.13137130439281464
0.14201878011226654
0.16536493599414825
0.16966058313846588
0.17288058996200562
0.13873377442359924
0.1358174830675125
0.13011379539966583
0.14540733397006989
0.1348700374364853
0.1300618052482605
0.14745257794857025
0.13006798923015594
0.14405560493469238
0.13993552327156067
0.1276579052209854
0.13528037071228027
0.11620984226465225
0.10489021986722946
0.12999889254570007
0.15149249136447906
0.12934832274913788
0.12306995689868927
0.11146121472120285
0.13669250905513763
0.1447189748287201
0.13480675220489502
0.13154245913028717
0.1255403459072113
0.15430867671966553
0.16990722715854645
0.1103360652923584
0.1234125867486
0.12526835501194
0.11847569048404694
0.11729831248521805
0.12877188622951508
0.13382290303707123
0.12883810698986053
0.14268572628498077
0.13182216882705688
0.13300800323486328
0.11897077411413193
0.12774185836315155
0.1225210502743721
0.14430850744247437
0.11761035025119781
0.1603739857673645
0.13641546666622162
0.13895635306835175
0.1377713978290558
0.1276419460773468
0.10283717513084412
0.15684470534324646
0.13663837313652039
0.13262920081615448
0.14214210212230682
0.15860071778297424
0.09993112832307816
0.1580667793750763
0.1210368350148201
0.1650027483701706
0.12836545705795288
0.14235275983810425
0.14007601141929626
0.13056112825870514
0.11799938976764679
0.15507428348064423
0.11294518411159515
0.13579577207565308
0.1435849666595459
0.11509796231985092
0.1257883906364441
0.1288403421640396
0.1372903436422348
0.14824022352695465
0.12531130015850067
0.11701761931180954
0.10869266092777252
0.12015639990568161
0.15316295623779297
0.13562437891960144
0.1295316368341446
0.108054518699646
0.12235597521066666
0.1105794608592987
0.11273334920406342
0.1254623681306839
0.14695078134536743
0.12857243418693542
0.13914497196674347
0.12916941940784454
0.11491585522890091
0.1526976376771927
0.09876327961683273
0.13769233226776123
0.09824519604444504
0.11330004781484604
0.12939122319221497
0.10925061255693436
0.12733976542949677
0.10450147837400436
0.12721098959445953
0.15196390450000763
0.11886584013700485
0.11843809485435486
0.1327216923236847
0.11534076184034348
0.10753867775201797
0.08400183916091919
0.0799143984913826
0.15854617953300476
0.11392620205879211
0.11329731345176697
0.1320684254169464
0.12888140976428986
0.13030606508255005
0.11113285273313522
0.14737839996814728
0.1426113247871399
0.13374094665050507
0.12784892320632935
0.11939039826393127
0.10249869525432587
0.11979228258132935
0.1267307549715042
0.1272224336862564
0.1468634158372879
0.1174183264374733
0.09271124750375748
0.1048777848482132
0.11094728112220764
0.1164071336388588
0.12356000393629074
0.11640879511833191
0.08332352340221405
0.11451412737369537
0.10732889920473099
0.1172894760966301
0.1170978993177414
0.1289997100830078
0.14506080746650696
0.11524968594312668
0.09997975826263428
0.09793303906917572
0.10496798157691956
0.10399021953344345
0.12186545878648758
0.11935992538928986
0.13173028826713562
0.11010750383138657
0.10214903950691223
0.10651181638240814
0.14713872969150543
0.11241532117128372
0.16038314998149872
0.10012516379356384
0.12356262654066086
0.10409341007471085
0.11557973921298981
0.09877552837133408
0.1112067699432373
0.09118802845478058
0.08296110481023788
0.12581992149353027
0.11812245845794678
0.10493981093168259
0.09121081233024597
0.12730704247951508
0.13148042559623718
0.11062576621770859
0.12119472771883011
0.12360861897468567
0.11394277960062027
0.10364700853824615
0.11495647579431534
0.11464522033929825
0.11745116114616394
0.11628172546625137
0.11148827522993088
0.08887090533971786
0.10995882749557495
0.1076679527759552
0.0866856798529625
0.1017608568072319
0.1379995048046112
0.101436085999012
0.11141081899404526
0.11466541141271591
0.09070821106433868
0.10990525782108307
0.07737160474061966
0.12395648658275604
0.11991073191165924
0.1252409666776657
0.10304779559373856
0.10324747860431671
0.1029929593205452
0.1029457077383995
0.0843515396118164
0.11055625230073929
0.09515903890132904
0.10146528482437134
0.09587801992893219
0.1096990555524826
0.11189325153827667
0.09679149091243744
0.09857507050037384
0.0982045978307724
0.09339089691638947
0.09046255797147751
0.09587892144918442
0.08934216946363449
0.08481383323669434
0.11573569476604462
0.10316053032875061
0.12230924516916275
0.12269757688045502
0.11941040307283401
0.10562069714069366
0.08528438955545425
0.11126329749822617
0.09282282739877701
0.11409921944141388
0.09068828076124191
0.11288216710090637
0.09154917299747467
0.09816795587539673
0.1064891591668129
0.10477788746356964
0.09134514629840851
0.07615402340888977
0.10035938769578934
0.08801746368408203
0.10531698167324066
0.08569792658090591
0.11144711822271347
0.10208693146705627
0.10111882537603378
0.1028318703174591
0.10549518465995789
0.0832560583949089
0.1101277694106102
0.09766116738319397
0.08695658296346664
0.09936709702014923
0.07237967103719711
0.12477333843708038
0.0908467099070549
0.10291195660829544
0.08949014544487
0.11160708963871002
0.10959094017744064
0.07952654361724854
0.09318181872367859
0.09030032902956009
0.10788898169994354
0.10516364872455597
0.08956559747457504
0.10839315503835678
0.09086969494819641
0.09782330691814423
0.09874395281076431
0.07499454915523529
0.10496404767036438
0.07876642048358917
0.09868946671485901
0.09842502325773239
0.10992757230997086
0.08883597701787949
0.09047242254018784
0.10973236709833145
0.10039501637220383
0.08872517198324203
0.0973607748746872
0.10390915721654892
0.09638270735740662
0.08763689547777176
0.08133458346128464
0.1136789470911026
0.07670807093381882
0.10802382975816727
0.10946110635995865
0.08722451329231262
0.08582049608230591
0.09782282263040543
0.10774761438369751
0.08116006851196289
0.07556381821632385
0.09074779599905014
0.09149537235498428
0.09297335892915726
0.07323746383190155
0.07305024564266205
0.11874666810035706
0.0725199431180954
0.09141417592763901
0.08970102667808533
0.06724315881729126
0.08284994959831238
0.0865766853094101
0.08993522822856903
0.09505022317171097
0.08362933248281479
0.08203574270009995
0.09192453324794769
0.08836480975151062
0.09575431048870087
0.0978691577911377
0.09320694208145142
0.07798360288143158
0.08267910033464432
0.09965654462575912
0.09221264719963074
0.10135450214147568
0.07958200573921204
0.0970032587647438
0.07726530730724335
0.11759474873542786
0.08499272167682648
0.09261108189821243
0.08353176712989807
0.1130814254283905
0.11543431878089905
0.08162612468004227
0.0923999547958374
0.08432962000370026
0.08390594273805618
0.0874214917421341
0.08585342019796371
0.10448360443115234
0.0851798802614212
0.08087243884801865
0.07132017612457275
0.07616449892520905
0.08878108859062195
0.0775313451886177
0.06818629801273346
0.10445054620504379
0.08764362335205078
0.0872381329536438
0.0870121419429779
0.08724340796470642
0.08696231245994568
0.0897921621799469
0.08394850045442581
0.08277900516986847
0.06029784679412842
0.07241450250148773
0.08683612942695618
0.09542707353830338
0.07770029455423355
0.07612823694944382
0.07916518300771713
0.09124864637851715
0.0987209752202034
0.07592974603176117
0.09083158522844315
0.09587867558002472
0.08791433274745941
0.0896739587187767
0.08057745546102524
0.10448180884122849
0.08008366078138351
0.09197445958852768
0.07934223860502243
0.08638317883014679
0.09765519201755524
0.10282833129167557
0.07501838356256485
0.07142254710197449
0.09286364912986755
0.06640013307332993
0.12012911587953568
0.08267360925674438
0.08948824554681778
0.07788004726171494
0.09520044177770615
0.09131161868572235
0.09355228394269943
0.07603923231363297
0.07762257009744644
0.09322714805603027
0.06526246666908264
0.08757653087377548
0.08889664709568024
0.08975690603256226
0.09338222444057465
0.060455322265625
0.09508984535932541
0.08008794486522675
0.060519978404045105
0.0963950827717781
0.07259776443243027
0.0790008157491684
0.07316861301660538
0.08830955624580383
0.09012007713317871
0.07938453555107117
0.06542444974184036
0.07229726016521454
0.08756605535745621
0.09705480188131332
0.10342198610305786
0.10827886313199997
0.07812073826789856
0.07670751959085464
0.07031521946191788
0.08608788996934891
0.0798327773809433
0.06987719982862473
0.0840923860669136
0.07621527463197708
0.08587373793125153
0.08005605638027191
0.06913283467292786
0.08084356784820557
0.06690516322851181
0.053373366594314575
0.07163988798856735
0.08890365064144135
0.07625383138656616
0.06837435811758041
0.06082687899470329
0.08172910660505295
0.08163495361804962
0.07808246463537216
0.07604655623435974
0.07476994395256042
0.09113270789384842
0.10335668176412582
0.061129044741392136
0.06857575476169586
0.0726812556385994
0.06795579940080643
0.06432748585939407
0.07891324907541275
0.07885096967220306
0.07784698158502579
0.09026791900396347
0.07109741866588593
0.07623358815908432
0.06728118658065796
0.06913328915834427
0.0674295648932457
0.09204483777284622
0.06747859716415405
0.10143209993839264
0.08087702840566635
0.0825987309217453
0.08246780931949615
0.07380364835262299
0.05432133004069328
0.08828901499509811
0.08072886615991592
0.07817500084638596
0.08722740411758423
0.0972772166132927
0.05844087153673172
0.09769751876592636
0.07274702936410904
0.10887786000967026
0.07765542715787888
0.08883709460496902
0.09066805988550186
0.0779600590467453
0.0695042759180069
0.09825251251459122
0.0658528283238411
0.08791891485452652
0.08013201504945755
0.06401538103818893
0.07168979197740555
0.0777430534362793
0.0849277451634407
0.09818881750106812
0.07886548340320587
0.06968813389539719
0.05934370681643486
0.07097914814949036
0.09677919000387192
0.0849142074584961
0.07953637838363647
0.06535954773426056
0.07241516560316086
0.06593592464923859
0.06681911647319794
0.07897939532995224
0.09182774275541306
0.07981880754232407
0.08759639412164688
0.07765816897153854
0.07031158357858658
0.09598250687122345
0.05195125564932823
0.08083415776491165
0.05594242736697197
0.06161816418170929
0.07888203114271164
0.06574491411447525
0.07443469762802124
0.058120738714933395
0.08274327963590622
0.0990285575389862
0.06870615482330322
0.07281218469142914
0.08103079348802567
0.06453979015350342
0.0627884492278099
0.04903102293610573
0.040869660675525665
0.09910494089126587
0.06578812748193741
0.061195358633995056
0.0831231102347374
0.07851120829582214
0.07682587951421738
0.06150504946708679
0.09090478718280792
0.09314282983541489
0.08092420548200607
0.08177845925092697
0.0749054029583931
0.05671023204922676
0.07296981662511826
0.0758032500743866
0.07747578620910645
0.09117230027914047
0.07088954746723175
0.05118001252412796
0.06070205941796303
0.07119553536176682
0.07195733487606049
0.0768856331706047
0.07344616204500198
0.04538554325699806
0.0679224506020546
0.06831380724906921
0.06912831962108612
0.07183355838060379
0.07754158973693848
0.09398873895406723
0.06751620024442673
0.05671820789575577
0.056204356253147125
0.06429273635149002
0.05899467691779137
0.07459467649459839
0.07329466193914413
0.08546164631843567
0.06665612757205963
0.060525424778461456
0.06045444309711456
0.09396106749773026
0.07122090458869934
0.10024717450141907
0.05847563222050667
0.07652226835489273
0.0615609772503376
0.07652973383665085
0.05766357481479645
0.06949226558208466
0.05678505077958107
0.043333373963832855
0.07669419795274734
0.07398339360952377
0.06022462621331215
0.05390369892120361
0.08012187480926514
0.08295228332281113
0.06457314640283585
0.07631103694438934
0.082948699593544
0.06846977770328522
0.06767310947179794
0.07442470639944077
0.06557256728410721
0.07078255712985992
0.07708960026502609
0.06860782951116562
0.047877464443445206
0.06389065831899643
0.0656953752040863
0.05143953114748001
0.06386105716228485
0.0877341479063034
0.056872397661209106
0.07277711480855942
0.06890363246202469
0.056710124015808105
0.06533660739660263
0.04446103423833847
0.08029962331056595
0.0745386928319931
0.07988367229700089
0.059524789452552795
0.06487275660037994
0.0647357851266861
0.06245259940624237
0.04584414139389992
0.06839203089475632
0.058471355587244034
0.060179926455020905
0.05644506588578224
0.06864366680383682
0.0667492002248764
0.058295466005802155
0.06309279054403305
0.052327122539281845
0.056353699415922165
0.05316835641860962
0.059501249343156815
0.05006846413016319
0.05161353945732117
0.07027572393417358
0.06598430126905441
0.07883228361606598
0.07666510343551636
0.07802581042051315
0.06349501758813858
0.05086180195212364
0.07182768732309341
0.05607779696583748
0.07158570736646652
0.0506305918097496
0.07026451081037521
0.0570918433368206
0.060626063495874405
0.06727761030197144
0.07014136761426926
0.05540914461016655
0.04425227642059326
0.05977647379040718
0.050076570361852646
0.06405128538608551
0.0529346726834774
0.071772500872612
0.06224425509572029
0.06437084823846817
0.06584639847278595
0.06968121975660324
0.04963800311088562
0.06954192370176315
0.05691848695278168
0.05357177183032036
0.059464793652296066
0.04274361580610275
0.08257703483104706
0.05355573073029518
0.06502632051706314
0.05367514118552208
0.07317381352186203
0.06987889111042023
0.04829221963882446
0.05698985606431961
0.053205057978630066
0.06736133247613907
0.06250683963298798
0.05378284677863121
0.07371071726083755
0.0563935823738575
0.06152886152267456
0.06268034130334854
0.0464971587061882
0.06691404432058334
0.051585324108600616
0.0656735897064209
0.058991219848394394
0.07558069378137589
0.05597299709916115
0.058692093938589096
0.07150739431381226
0.06281570345163345
0.0563262477517128
0.06157771870493889
0.068550243973732
0.06358729302883148
0.05243103578686714
0.04885820299386978
0.076022207736969
0.047231003642082214
0.07169371843338013
0.07011935859918594
0.05478951334953308
0.051099300384521484
0.06300556659698486
0.07037711888551712
0.05091607943177223
0.04488212242722511
0.05492805317044258
0.05485888943076134
0.05948294326663017
0.0475890077650547
0.042189959436655045
0.07774661481380463
0.044542960822582245
0.05492420494556427
0.055598340928554535
0.039310090243816376
0.0510619692504406
0.05423448979854584
0.05673197656869888
0.06058375537395477
0.0520775131881237
0.049757104367017746
0.05618077144026756
0.05879103019833565
0.06024622544646263
0.0678902119398117
0.06198962405323982
0.051623597741127014
0.05213586986064911
0.06236869469285011
0.0595402829349041
0.06559616327285767
0.04863673076033592
0.05863669142127037
0.04730890318751335
0.08166008442640305
0.05374646559357643
0.05817145109176636
0.04964188486337662
0.07495518028736115
0.07688524574041367
0.05248017981648445
0.06028485670685768
0.05191605165600777
0.05191727727651596
0.056638870388269424
0.05517283082008362
0.06954645365476608
0.05228329449892044
0.051608338952064514
0.04307408630847931
0.048195432871580124
0.05851392820477486
0.0500764325261116
0.04045458137989044
0.06954913586378098
0.055328574031591415
0.054964978247880936
0.05391797050833702
0.05560419335961342
0.0536542572081089
0.0562099814414978
0.05237329378724098
0.05152446776628494
0.03486929461359978
0.04361187666654587
0.058702826499938965
0.06089302897453308
0.0467444472014904
0.0459890179336071
0.0493595227599144
0.05768731236457825
0.0616137832403183
0.04475359618663788
0.05667606368660927
0.06235746666789055
0.05838589742779732
0.06080201640725136
0.05187402293086052
0.07005780935287476
0.04936894029378891
0.05791265144944191
0.05126001685857773
0.05230448767542839
0.06385137885808945
0.0698494091629982
0.04355110228061676
0.045320186764001846
0.06085360795259476
0.03851046413183212
0.08490097522735596
0.05123686045408249
0.05746323615312576
0.04894785210490227
0.06197981908917427
0.06170247495174408
0.06375642865896225
0.04806002229452133
0.048754800111055374
0.0643715038895607
0.03757999837398529
0.05729539319872856
0.0589386485517025
0.05849696323275566
0.06230561062693596
0.03676266595721245
0.061296410858631134
0.050678327679634094
0.03546582907438278
0.060367122292518616
0.04667448252439499
0.05230007693171501
0.04673610255122185
0.06223104149103165
0.06102381646633148
0.05121965706348419
0.038172367960214615
0.04618192836642265
0.058508407324552536
0.06547968834638596
0.07112203538417816
0.07800822705030441
0.04900803044438362
0.049252141267061234
0.042950522154569626
0.056850582361221313
0.05312472581863403
0.04267566651105881
0.05715840682387352
0.04906386882066727
0.05743638053536415
0.05224701762199402
0.04355911165475845
0.05536381155252457
0.04401128739118576
0.031074898317456245
0.04611321538686752
0.058335110545158386
0.04990166053175926
0.044814832508563995
0.03822856768965721
0.056764572858810425
0.05228760838508606
0.05202015861868858
0.048872530460357666
0.04921673983335495
0.060571249574422836
0.0680963397026062
0.038404256105422974
0.04493969306349754
0.048844512552022934
0.043355654925107956
0.039205897599458694
0.054378099739551544
0.05161222815513611
0.05373144522309303
0.06397821009159088
0.044647783041000366
0.04957384616136551
0.044044170528650284
0.042413968592882156
0.04208986833691597
0.06411850452423096
0.04318621754646301
0.0718778744339943
0.053943753242492676
0.05710336193442345
0.05518991872668266
0.04536542296409607
0.03215488791465759
0.05435170605778694
0.05396154522895813
0.0509372316300869
0.05993194505572319
0.06612975895404816
0.03817152976989746
0.06650164723396301
0.049395233392715454
0.07925291359424591
0.05342729389667511
0.061880871653556824
0.06561657786369324
0.054610252380371094
0.0466630645096302
0.06834772974252701
0.04494188725948334
0.06425788253545761
0.0510566271841526
0.041534826159477234
0.046642500907182693
0.0509679913520813
0.06052672490477562
0.07136106491088867
0.055570293217897415
0.0472940057516098
0.03664759173989296
0.047465015202760696
0.06699810922145844
0.06044725701212883
0.055526457726955414
0.044564709067344666
0.0505121611058712
0.044161103665828705
0.04414219409227371
0.054446883499622345
0.06325732171535492
0.05556265637278557
0.06187966465950012
0.050254132598638535
0.04933254048228264
0.06595993041992188
0.030091799795627594
0.052247971296310425
0.035995736718177795
0.03867936506867409
0.05384944751858711
0.04429033771157265
0.04970259219408035
0.0361870601773262
0.06186984106898308
0.07181205600500107
0.04307405650615692
0.04914214089512825
0.05519485101103783
0.041317008435726166
0.042539022862911224
0.03215784579515457
0.022870782762765884
0.06666327267885208
0.0418703556060791
0.03695736080408096
0.057988397777080536
0.05542871356010437
0.05180434510111809
0.04048587381839752
0.06262343376874924
0.0677952915430069
0.05505552515387535
0.055841490626335144
0.052832890301942825
0.03500794246792793
0.04900109022855759
0.05058617517352104
0.052945736795663834
0.06497927010059357
0.046959083527326584
0.03269452601671219
0.04044290632009506
0.05007261410355568
0.05069424584507942
0.053135477006435394
0.053021784871816635
0.027524391189217567
0.04656964913010597
0.049876898527145386
0.04649807885289192
0.04936807602643967
0.052290137857198715
0.06763726472854614
0.04477158188819885
0.03828311339020729
0.037221524864435196
0.0419311448931694
0.036578528583049774
0.05120251327753067
0.04987071081995964
0.06213463842868805
0.04491812363266945
0.04016801342368126
0.038686931133270264
0.06606566160917282
0.049481574445962906
0.06882452964782715
0.03853604570031166
0.052473779767751694
0.03975910693407059
0.054677657783031464
0.03770939260721207
0.04910043999552727
0.041737284511327744
0.025378314778208733
0.05244387313723564
0.050541527569293976
0.04094099625945091
0.0364033542573452
0.057241134345531464
0.05887718126177788
0.04258362948894501
0.05453379079699516
0.06148099526762962
0.045828863978385925
0.04654926434159279
0.05408968776464462
0.041619669646024704
0.04602501168847084
0.05538616701960564
0.04572068154811859
0.0299104955047369
0.041252538561820984
0.04432705044746399
0.03399701043963432
0.04408065602183342
0.059903789311647415
0.03574040159583092
0.05170907452702522
0.04367759823799133
0.04001343622803688
0.04359077289700508
0.028659487143158913
0.05652950331568718
0.052003759890794754
0.05576920509338379
0.0384761206805706
0.0458151251077652
0.044269170612096786
0.04244893789291382
0.029543522745370865
0.04630611464381218
0.03954280540347099
0.038992129266262054
0.03744487836956978
0.04706409573554993
0.04425613582134247
0.038988783955574036
0.04313740134239197
0.03173432499170303
0.03889911249279976
0.035726532340049744
0.04023196920752525
0.03140493854880333
0.03635826334357262
0.0456739105284214
0.04595859348773956
0.05682670325040817
0.05100373923778534
0.05741424113512039
0.040756527334451675
0.03361864015460014
0.049227647483348846
0.037899039685726166
0.04805401340126991
0.03128859028220177
0.049249112606048584
0.038286298513412476
0.04208175092935562
0.04696986824274063
0.05162239074707031
0.03782346472144127
0.028364120051264763
0.03949238359928131
0.031195560470223427
0.04207818582653999
0.03601253777742386
0.0498855784535408
0.039842814207077026
0.043697014451026917
0.044834963977336884
0.05077620595693588
0.032288771122694016
0.04744702950119972
0.03610024228692055
0.03742055967450142
0.04240775480866432
0.027725711464881897
0.05923312529921532
0.035888079553842545
0.04468763247132301
0.0347890704870224
0.051201216876506805
0.04796546325087547
0.03271530941128731
0.03837278485298157
0.034092940390110016
0.04626324027776718
0.040041252970695496
0.03562285006046295
0.052696000784635544
0.0392274335026741
0.04245811328291893
0.04477309435606003
0.03230597823858261
0.04614873230457306
0.036304883658885956
0.046949926763772964
0.04020722210407257
0.05481921508908272
0.037932392209768295
0.04175407439470291
0.05086132884025574
0.04244840145111084
0.0391569659113884
0.04311838001012802
0.04719625413417816
0.04470391571521759
0.03368530049920082
0.032401468604803085
0.05366428941488266
0.03291254863142967
0.051896534860134125
0.04777267202734947
0.037759535014629364
0.033572521060705185
0.04268401861190796
0.050450995564460754
0.0354171097278595
0.028999503701925278
0.037774182856082916
0.03711000829935074
0.04069521650671959
0.03353216499090195
0.026413042098283768
0.0542391836643219
0.030998555943369865
0.03700196370482445
0.03751600161194801
0.024922411888837814
0.034679774194955826
0.036208249628543854
0.03919147700071335
0.04057082533836365
0.037592679262161255
0.03172847628593445
0.03837308660149574
0.04318363964557648
0.04160396382212639
0.049879491329193115
0.04547666013240814
0.03662073239684105
0.03620736673474312
0.041046176105737686
0.04139799624681473
0.04571182280778885
0.0320579819381237
0.03944486752152443
0.030966853722929955
0.061717770993709564
0.03773878514766693
0.03738510236144066
0.0331004336476326
0.05348284915089607
0.056162603199481964
0.03625718131661415
0.042527999728918076
0.03529101610183716
0.0346594899892807
0.04130221903324127
0.03802858665585518
0.048893507570028305
0.035534173250198364
0.03643304854631424
0.02882508374750614
0.03367706760764122
0.042184602469205856
0.03453073650598526
0.025437556207180023
0.048807770013809204
0.03768846020102501
0.038497865200042725
0.036397743970155716
0.03813789039850235
0.03670574724674225
0.038520146161317825
0.035294581204652786
0.035598501563072205
0.021258918568491936
0.028266731649637222
0.04488177224993706
0.040654439479112625
0.030875852331519127
0.02912551537156105
0.03405483439564705
0.04039165750145912
0.04251711443066597
0.028170639649033546
0.03884617239236832
0.042964428663253784
0.04197647422552109
0.04394479840993881
0.03713168948888779
0.04886189475655556
0.03407629579305649
0.03951868414878845
0.03570786491036415
0.034713711589574814
0.04558701440691948
0.05187823623418808
0.027311217039823532
0.03119293414056301
0.04286741092801094
0.023467062041163445
0.0644785538315773
0.034569695591926575
0.040770940482616425
0.03348033130168915
0.043797124177217484
0.04595772176980972
0.047656040638685226
0.03308501094579697
0.035099130123853683
0.04754342883825302
0.0245767030864954
0.03828761354088783
0.04195685684680939
0.04109887778759003
0.04494659602642059
0.02446974813938141
0.04277415946125984
0.034444745630025864
0.023905495181679726
0.039696332067251205
0.03436191380023956
0.037807490676641464
0.0329291969537735
0.04749701917171478
0.04546259716153145
0.035557281225919724
0.02491808868944645
0.03168864920735359
0.043638475239276886
0.046920064836740494
0.052023693919181824
0.05874895676970482
0.032820407301187515
0.036601368337869644
0.029283376410603523
0.04176712408661842
0.03926048427820206
0.028799768537282944
0.04126593470573425
0.035162992775440216
0.04218778386712074
0.03703334182500839
0.028855370357632637
0.04019783064723015
0.03102358616888523
0.02054002694785595
0.03235841169953346
0.0422002375125885
0.0364631712436676
0.030749620869755745
0.025008011609315872
0.04220199212431908
0.03480750322341919
0.03794468566775322
0.03363266959786415
0.034207943826913834
0.04336736351251602
0.04824993386864662
0.02631530351936817
0.03166113421320915
0.03467867895960808
0.02970907650887966
0.026045789942145348
0.04018837586045265
0.03685297444462776
0.039690643548965454
0.04810865968465805
0.030721329152584076
0.03481068089604378
0.03127086162567139
0.02919682301580906
0.028441689908504486
0.04879819601774216
0.029755190014839172
0.05279962718486786
0.038030728697776794
0.041089579463005066
0.041052743792533875
0.03157886862754822
0.020731963217258453
0.036890529096126556
0.03744177892804146
0.03626031428575516
0.043409835547208786
0.04886940121650696
0.02683928608894348
0.048743318766355515
0.035744037479162216
0.06241954118013382
0.03987377509474754
0.045515213161706924
0.050490688532590866
0.040361739695072174
0.03355427458882332
0.05043627694249153
0.03237982466816902
0.04934728890657425
0.03533949330449104
0.028910361230373383
0.0318334624171257
0.03611483797430992
0.045458510518074036
0.05268095061182976
0.04092119634151459
0.03504177927970886
0.02487325295805931
0.03429088369011879
0.04895598068833351
0.04598763585090637
0.04006245359778404
0.03312091529369354
0.0373748242855072
0.03095233626663685
0.03161553665995598
0.040359798818826675
0.04722060635685921
0.04081147909164429
0.04656696319580078
0.03540126979351044
0.036147356033325195
0.048657260835170746
0.019998421892523766
0.036895133554935455
0.025642136111855507
0.024734487757086754
0.0386517159640789
0.03230723738670349
0.037167105823755264
0.024292923510074615
0.04803504794836044
0.05355579033493996
0.028396254405379295
0.035151779651641846
0.04059702903032303
0.028137683868408203
0.03139884024858475
0.02302779257297516
0.013441426679491997
0.04933716356754303
0.029142320156097412
0.023992881178855896
0.0416661873459816
0.040272343903779984
0.037796199321746826
0.028385108336806297
0.04841398075222969
0.05134238302707672
0.04033392667770386
0.03970498591661453
0.04093623906373978
0.023237701505422592
0.0353812500834465
0.03589692339301109
0.03887288644909859
0.049564018845558167
0.03234061971306801
0.020750857889652252
0.027818754315376282
0.0371396467089653
0.03687886521220207
0.03815697133541107
0.04059727489948273
0.01786019094288349
0.03355201706290245
0.03860519453883171
0.03216414526104927
0.036000315099954605
0.038027383387088776
0.05146711319684982
0.03225576505064964
0.026696300134062767
0.026117505505681038
0.028513995930552483
0.02503776364028454
0.03785184770822525
0.03462451696395874
0.04729074612259865
0.03295586630702019
0.02855106070637703
0.0256403386592865
0.05018950253725052
0.03667256236076355
0.05041452869772911
0.027771346271038055
0.03781033307313919
0.02670138329267502
0.04038994386792183
0.027386289089918137
0.03539437800645828
0.032180074602365494
0.015047134831547737
0.03593015670776367
0.03741566091775894
0.028786782175302505
0.02535204403102398
0.04295475408434868
0.04248182475566864
0.029498586431145668
0.04124727100133896
0.047607775777578354
0.031866803765296936
0.0335664302110672
0.04027565196156502
0.02730809710919857
0.03213684260845184
0.04320090636610985
0.03290874883532524
0.01904301345348358
0.02803577482700348
0.03134848549962044
0.02454288862645626
0.03121376410126686
0.04287096485495567
0.02505996637046337
0.039677057415246964
0.02920345403254032
0.029854081571102142
0.03132738545536995
0.020665427669882774
0.04197864606976509
0.03801107406616211
0.04038325324654579
0.025466881692409515
0.03495039790868759
0.03169628605246544
0.0297376811504364
0.019401486963033676
0.033649858087301254
0.02903616614639759
0.026132682338356972
0.026193732395768166
0.03408518806099892
0.03018343821167946
0.02815023623406887
0.0330570824444294
0.01938800700008869
0.02854691818356514
0.02536729909479618
0.0289015993475914
0.021428601816296577
0.02781795524060726
0.03222358226776123
0.03435264900326729
0.0410323366522789
0.03629223629832268
0.04386407881975174
0.029670018702745438
0.022974684834480286
0.03608863800764084
0.026815403252840042
0.034977033734321594
0.01983780227601528
0.03501742705702782
0.02730562724173069
0.031018750742077827
0.0359286405146122
0.040594685822725296
0.02855120599269867
0.02008284255862236
0.028061868622899055
0.020767977461218834
0.02821148745715618
0.02588583156466484
0.036441609263420105
0.026949843391776085
0.03242083638906479
0.033299803733825684
0.03814114257693291
0.023590674623847008
0.033459849655628204
0.025152157992124557
0.026652203872799873
0.03079688921570778
0.01825093850493431
0.04369737580418587
0.025323770940303802
0.03252337500452995
0.024923525750637054
0.0375153012573719
0.03441014513373375
0.023322703316807747
0.026687856763601303
0.024773113429546356
0.034209612756967545
0.02879534848034382
0.02560267597436905
0.04121067002415657
0.02934223785996437
0.03041463904082775
0.03240762650966644
0.02473199926316738
0.032957177609205246
0.02833271212875843
0.03450174257159233
0.02863388881087303
0.04233374446630478
0.02759089507162571
0.030411643907427788
0.03811978921294212
0.03013461083173752
0.028657162562012672
0.03221310302615166
0.03407250717282295
0.032639194279909134
0.02318389341235161
0.022037595510482788
0.04007384553551674
0.02434987761080265
0.040251147001981735
0.03484366834163666
0.02770974487066269
0.024380914866924286
0.030664054676890373
0.03813878074288368
0.026575323194265366
0.021028663963079453
0.02665715664625168
0.02602115273475647
0.030313942581415176
0.025228893384337425
0.017111094668507576
0.0401032455265522
0.021713092923164368
0.025955215096473694
0.02674773335456848
0.016590701416134834
0.02507374808192253
0.026269882917404175
0.029688816517591476
0.02944360487163067
0.027865421026945114
0.021770037710666656
0.02743893675506115
0.03371062129735947
0.030100982636213303
0.03913562372326851
0.03454204648733139
0.027362199500203133
0.026669606566429138
0.029704473912715912
0.030749905854463577
0.03392050042748451
0.022198380902409554
0.02685592696070671
0.023022551089525223
0.04809142276644707
0.02828313410282135
0.025354279205203056
0.02241535298526287
0.03997036814689636
0.04190946742892265
0.025996971875429153
0.032844286412000656
0.025733062997460365
0.02385052852332592
0.03154598921537399
0.027260838076472282
0.03557637706398964
0.02495753765106201
0.02643076702952385
0.019931025803089142
0.025455763563513756
0.031824834644794464
0.024480123072862625
0.016778534278273582
0.03568771854043007
0.027063122019171715
0.02750416100025177
0.02526632323861122
0.029001004993915558
0.025899948552250862
0.0273990910500288
0.024171024560928345
0.02537647821009159
0.014017214998602867
0.021015137434005737
0.03477306663990021
0.02949005737900734
0.021182818338274956
0.01995176635682583
0.02436252497136593
0.029661888256669044
0.031647179275751114
0.018975861370563507
0.027724653482437134
0.032646484673023224
0.030554400756955147
0.032957881689071655
0.027391457930207253
0.03634883090853691
0.024546897038817406
0.028171556070446968
0.026385167613625526
0.02441953308880329
0.03401026874780655
0.0388762466609478
0.017566552385687828
0.02161768451333046
0.031988825649023056
0.015330641530454159
0.04820104315876961
0.024338509887456894
0.02966364286839962
0.023105835542082787
0.03202966973185539
0.03544626757502556
0.035954367369413376
0.024160414934158325
0.026533011347055435
0.03527786582708359
0.0174538716673851
0.028171516954898834
0.030662603676319122
0.030085211619734764
0.03475707769393921
0.018206726759672165
0.030623361468315125
0.024343304336071014
0.015569508075714111
0.027437416836619377
0.02569214254617691
0.028495002537965775
0.02262725867331028
0.038146525621414185
0.03550563007593155
0.025474565103650093
0.017011798918247223
0.0236510057002306
0.03381303325295448
0.03604897856712341
0.03855202719569206
0.04583107680082321
0.022988812997937202
0.02801513485610485
0.021182887256145477
0.030762314796447754
0.029746143147349358
0.020849503576755524
0.030751977115869522
0.02547653391957283
0.03210488334298134
0.02789488434791565
0.021538157016038895
0.031090905889868736
0.02261577919125557
0.013730660080909729
0.02452569082379341
0.03198155388236046
0.027745144441723824
0.022753681987524033
0.018018975853919983
0.032651595771312714
0.02490389347076416
0.02846740558743477
0.023786887526512146
0.024630950763821602
0.03173699602484703
0.03586195036768913
0.01818118430674076
0.023123566061258316
0.02555626630783081
0.021093115210533142
0.018596865236759186
0.03110462985932827
0.02753552794456482
0.031375326216220856
0.037614233791828156
0.023483315482735634
0.026263218373060226
0.023144343867897987
0.0208904929459095
0.020415116101503372
0.037217963486909866
0.021027756854891777
0.039618268609046936
0.028379222378134727
0.031521987169981
0.030579589307308197
0.022514980286359787
0.013467174954712391
0.027031805366277695
0.027596333995461464
0.025642769411206245
0.03348725661635399
0.03727635368704796
0.020137770101428032
0.03675423189997673
0.026691151782870293
0.049407489597797394
0.03215298429131508
0.036680206656455994
0.03960145264863968
0.0317656584084034
0.025552954524755478
0.03863629698753357
0.02409428171813488
0.0395892933011055
0.02567533776164055
0.022048139944672585
0.023975733667612076
0.026473967358469963
0.036250773817300797
0.039699848741292953
0.03197316452860832
0.025807524099946022
0.017255514860153198
0.026656538248062134
0.03785817325115204
0.03546778857707977
0.030605211853981018
0.02575068362057209
0.028999289497733116
0.02366548776626587
0.022924641147255898
0.031312089413404465
0.03788464888930321
0.030811429023742676
0.03617243468761444
0.024981355294585228
0.028905171900987625
0.03680120408535004
0.01357607077807188
0.026769738644361496
0.018810754641890526
0.0169751588255167
0.029854485765099525
0.02410179376602173
0.028574921190738678
0.0172980148345232
0.04016588628292084
0.04251377284526825
0.0203957948833704
0.026671133935451508
0.03128856047987938
0.02036239206790924
0.023781070485711098
0.01782969944179058
0.007825314067304134
0.03704724460840225
0.021249599754810333
0.016053810715675354
0.031603701412677765
0.030574694275856018
0.029413849115371704
0.020967841148376465
0.0369429774582386
0.04027346894145012
0.030131271108984947
0.028817592188715935
0.03352256119251251
0.016030414029955864
0.026875438168644905
0.027201758697628975
0.029831280931830406
0.038605570793151855
0.023890305310487747
0.014930987730622292
0.020211296156048775
0.02781301736831665
0.028876014053821564
0.02835058979690075
0.03243507444858551
0.012980992905795574
0.0245984997600317
0.030809395015239716
0.022985225543379784
0.02660679817199707
0.03006119467318058
0.04078797250986099
0.024174366146326065
0.019354842603206635
0.0194175373762846
0.020755570381879807
0.017352281138300896
0.02903161756694317
0.02515350468456745
0.03797471150755882
0.023735690861940384
0.020264795050024986
0.01821705885231495
0.03751157969236374
0.027328550815582275
0.03770309314131737
0.021021680906414986
0.028603142127394676
0.01889616623520851
0.030862832441926003
0.020264852792024612
0.026938466355204582
0.025248875841498375
0.010641227476298809
0.026715198531746864
0.027782563120126724
0.020840443670749664
0.019271453842520714
0.033259067684412
0.03288992494344711
0.021382881328463554
0.03230482339859009
0.03879109025001526
0.022168511524796486
0.025845859199762344
0.03169367462396622
0.01872997172176838
0.022834300994873047
0.03430044278502464
0.025048209354281425
0.01343065407127142
0.02107209339737892
0.023224245756864548
0.018321527168154716
0.024354949593544006
0.032013848423957825
0.01726352609694004
0.03182843700051308
0.02090027928352356
0.023356840014457703
0.024286653846502304
0.014638909138739109
0.03205788508057594
0.02907964400947094
0.030871743336319923
0.01738450489938259
0.027318118140101433
0.02441718801856041
0.021287396550178528
0.014195084571838379
0.025779740884900093
0.021454958245158195
0.018235372379422188
0.0201353020966053
0.024797286838293076
0.020990829914808273
0.022357607260346413
0.02618604339659214
0.013322953134775162
0.023632826283574104
0.018473239615559578
0.021774625405669212
0.015358622185885906
0.022119054570794106
0.023839391767978668
0.026907598599791527
0.031717654317617416
0.02680812031030655
0.03442581743001938
0.022006699815392494
0.016823049634695053
0.027485623955726624
0.02020564302802086
0.025524279102683067
0.014608562923967838
0.026277223601937294
0.020718978717923164
0.024109093472361565
0.026479173451662064
0.030894460156559944
0.02193772979080677
0.014676849357783794
0.020281754434108734
0.014663557521998882
0.02004663646221161
0.019117321819067
0.027188153937458992
0.01885283924639225
0.023599129170179367
0.026019280776381493
0.030727840960025787
0.016826771199703217
0.025814512744545937
0.017300939187407494
0.019437361508607864
0.02455301396548748
0.011901305988430977
0.03315509110689163
0.019044358283281326
0.024459216743707657
0.01807423308491707
0.02911226823925972
0.025249961763620377
0.018056850880384445
0.019025083631277084
0.01758657395839691
0.026513608172535896
0.021402055397629738
0.01936955563724041
0.031930435448884964
0.021877504885196686
0.02295304648578167
0.025364579632878304
0.019098589196801186
0.026304902508854866
0.022353410720825195
0.025019604712724686
0.022166457027196884
0.032683152705430984
0.020679106935858727
0.022418780252337456
0.028541849926114082
0.021581513807177544
0.02184465527534485
0.024662818759679794
0.02535276859998703
0.026085739955306053
0.015409231185913086
0.015528043732047081
0.03022519126534462
0.018523922190070152
0.03139375150203705
0.02501089498400688
0.02146775647997856
0.017150389030575752
0.023182421922683716
0.029098480939865112
0.02116299234330654
0.015572396107017994
0.019576065242290497
0.019306296482682228
0.022427693009376526
0.018742483109235764
0.01135614700615406
0.03200824558734894
0.016517581418156624
0.01911928318440914
0.01876451075077057
0.01202738843858242
0.018369562923908234
0.019027290865778923
0.02231333591043949
0.0226542167365551
0.02247048355638981
0.015301156789064407
0.019594458863139153
0.027517471462488174
0.022435788065195084
0.030851619318127632
0.026540959253907204
0.02089950628578663
0.0190888624638319
0.021378783509135246
0.022875601425766945
0.025904983282089233
0.015241374261677265
0.01856778934597969
0.017082324251532555
0.03790955990552902
0.02233009785413742
0.017724821344017982
0.01650024764239788
0.031217141076922417
0.03246910125017166
0.01996908336877823
0.025831935927271843
0.01891772635281086
0.018166573718190193
0.02581717260181904
0.021103104576468468
0.026665542274713516
0.017873434349894524
0.02014361321926117
0.014859816059470177
0.019246820360422134
0.024981049820780754
0.01812385395169258
0.01248462125658989
0.027190033346414566
0.020350895822048187
0.020596886053681374
0.018641477450728416
0.021012745797634125
0.01839642971754074
0.020881175994873047
0.016967374831438065
0.018352888524532318
0.009128652513027191
0.01571524702012539
0.027659330517053604
0.021883735433220863
0.015506438910961151
0.0146656334400177
0.018797602504491806
0.021892979741096497
0.02419901452958584
0.013237619772553444
0.020918330177664757
0.024824943393468857
0.023664051666855812
0.025594143196940422
0.020122284069657326
0.02643255703151226
0.01780153624713421
0.02208118699491024
0.01897388882935047
0.017894774675369263
0.024775119498372078
0.029166901484131813
0.012230239808559418
0.015307978726923466
0.02414429560303688
0.009697815403342247
0.037405338138341904
0.017143530771136284
0.02227862924337387
0.017049867659807205
0.02504173293709755
0.028416527435183525
0.028645537793636322
0.01829989068210125
0.019634604454040527
0.02729842998087406
0.012909739278256893
0.021242398768663406
0.023512445390224457
0.022820111364126205
0.027640296146273613
0.013163325376808643
0.022659536451101303
0.01763344742357731
0.010637304745614529
0.018825292587280273
0.019947122782468796
0.021916236728429794
0.016128195449709892
0.03137516975402832
0.027363326400518417
0.018680652603507042
0.012124160304665565
0.01792757213115692
0.026879610493779182
0.027935894206166267
0.029689842835068703
0.03596097230911255
0.016926318407058716
0.021915778517723083
0.015153505839407444
0.02415912039577961
0.023662397637963295
0.015910577028989792
0.023938214406371117
0.019702957943081856
0.026405932381749153
0.021649928763508797
0.016434913501143456
0.024433420971035957
0.017379099503159523
0.009875157848000526
0.019351942464709282
0.02527371235191822
0.022051995620131493
0.017413517460227013
0.0132379699498415
0.026377996429800987
0.018607109785079956
0.022689519450068474
0.017243850976228714
0.01862599514424801
0.02542055957019329
0.026739515364170074
0.0126620102673769
0.01798270083963871
0.019197363406419754
0.015717025846242905
0.013009334914386272
0.024687131866812706
0.021695809438824654
0.02465878054499626
0.029101550579071045
0.01810574159026146
0.0195915549993515
0.01733124628663063
0.017051761969923973
0.015382817015051842
0.028725218027830124
0.014882444404065609
0.03039461188018322
0.021894698962569237
0.02428983710706234
0.023772142827510834
0.01703142374753952
0.009484988637268543
0.019568830728530884
0.02086791582405567
0.01946571096777916
0.0254779364913702
0.028400767594575882
0.014659091830253601
0.03011329285800457
0.021120360121130943
0.04129769653081894
0.025754308328032494
0.029458826407790184
0.03180164471268654
0.025739464908838272
0.019687386229634285
0.029576348140835762
0.019030574709177017
0.03355604037642479
0.019667401909828186
0.017732316628098488
0.01725190319120884
0.020543407648801804
0.02860412187874317
0.031457092612981796
0.025280704721808434
0.019818367436528206
0.012872997671365738
0.020280098542571068
0.02909679152071476
0.02769211307168007
0.02275722101330757
0.019622977823019028
0.02297130413353443
0.018062420189380646
0.01815984770655632
0.024389514699578285
0.03051256388425827
0.023852666839957237
0.028774971142411232
0.01777452975511551
0.02292858250439167
0.029133077710866928
0.008923996239900589
0.0205170139670372
0.01456289179623127
0.011291304603219032
0.023767687380313873
0.01842646859586239
0.022656477987766266
0.012968568131327629
0.03367970138788223
0.0341176874935627
0.013522935099899769
0.020656099542975426
0.025742242112755775
0.01507599651813507
0.018973447382450104
0.013850121758878231
0.004522071685642004
0.029368625953793526
0.014502926729619503
0.01126535888761282
0.02442881092429161
0.02435203827917576
0.02274620346724987
0.01643015258014202
0.029965711757540703
0.03282035142183304
0.023166075348854065
0.021393004804849625
0.028369663283228874
0.01175021193921566
0.02037290297448635
0.020921267569065094
0.02365141548216343
0.031832095235586166
0.018254803493618965
0.011304976418614388
0.015032143332064152
0.022757671773433685
0.02276322804391384
0.02136998623609543
0.026399223133921623
0.009334422647953033
0.019079873338341713
0.025586800649762154
0.01841672696173191
0.02024386078119278
0.022833045572042465
0.03362897038459778
0.018617024645209312
0.01451042015105486
0.014905921183526516
0.01682363450527191
0.013268152251839638
0.023200225085020065
0.019779022783041
0.030419278889894485
0.01875673420727253
0.015208158642053604
0.013299365527927876
0.029813865199685097
0.021795958280563354
0.029137739911675453
0.01623179204761982
0.02205093577504158
0.01333829015493393
0.02377641387283802
0.015923190861940384
0.021720465272665024
0.019193636253476143
0.007343246601521969
0.019487757235765457
0.020945066586136818
0.016664354130625725
0.013658746145665646
0.02645811438560486
0.024932362139225006
0.015642935410141945
0.025349760428071022
0.031538642942905426
0.016570081934332848
0.01927579566836357
0.02465493604540825
0.014219384640455246
0.016827870160341263
0.02798110991716385
0.019864534959197044
0.009797167964279652
0.01560110505670309
0.016933118924498558
0.01457070279866457
0.01956547424197197
0.024664947763085365
0.012644494883716106
0.025191763415932655
0.014744906686246395
0.01934046298265457
0.01901339925825596
0.011569775640964508
0.025269700214266777
0.023442242294549942
0.023183437064290047
0.01232575811445713
0.021883990615606308
0.019588030874729156
0.01573609933257103
0.010684037581086159
0.0197063647210598
0.016616472974419594
0.013286847621202469
0.015042997896671295
0.019672999158501625
0.014994828030467033
0.016823390498757362
0.020800821483135223
0.008889702148735523
0.019038066267967224
0.014646261930465698
0.01794818602502346
0.01101360097527504
0.018719088286161423
0.017581915482878685
0.022308900952339172
0.02369813621044159
0.02025749161839485
0.026911482214927673
0.016940686851739883
0.012740210629999638
0.02100031077861786
0.014480778016149998
0.01838052086532116
0.009094423614442348
0.020547840744256973
0.014849000610411167
0.01738237775862217
0.020291848108172417
0.025211965665221214
0.016872838139533997
0.010950914584100246
0.015606392174959183
0.01061127707362175
0.014771572314202785
0.014153841882944107
0.021553223952651024
0.013238219544291496
0.01809358038008213
0.02073691226541996
0.02374642714858055
0.0125123867765069
0.019691547378897667
0.012642418034374714
0.014596333727240562
0.019258003681898117
0.00807189755141735
0.025668632239103317
0.015247530303895473
0.018637841567397118
0.01308869756758213
0.02282322570681572
0.01873961091041565
0.01375094335526228
0.014638136141002178
0.013694023713469505
0.020610734820365906
0.015874570235610008
0.014741823077201843
0.024502119049429893
0.016527991741895676
0.017283976078033447
0.019549058750271797
0.015225589275360107
0.019281452521681786
0.017390789464116096
0.0188758485019207
0.016727233305573463
0.02538708969950676
0.01618737168610096
0.017319008708000183
0.02136175148189068
0.015623719431459904
0.017637621611356735
0.01915256306529045
0.019790951162576675
0.0205229539424181
0.010639641433954239
0.011458734050393105
0.023794641718268394
0.014561258256435394
0.025247754529118538
0.01847069337964058
0.01702287420630455
0.01337684877216816
0.01690923422574997
0.021849632263183594
0.01635107211768627
0.01241377554833889
0.014726145192980766
0.014905311167240143
0.017021726816892624
0.013889324851334095
0.008322573266923428
0.02490301989018917
0.012855913490056992
0.01470305398106575
0.013773123733699322
0.008898450993001461
0.013852253556251526
0.014122999273240566
0.017936015501618385
0.01729113608598709
0.018244033679366112
0.010572436265647411
0.014576014131307602
0.022474193945527077
0.017906740307807922
0.025266245007514954
0.02147703617811203
0.016118312254548073
0.014109890908002853
0.01664336584508419
0.01784307137131691
0.02031400054693222
0.011502038687467575
0.01321128848940134
0.012903785333037376
0.03020882047712803
0.017590798437595367
0.012884852476418018
0.01174545381218195
0.02402305416762829
0.025544917210936546
0.01591426320374012
0.02072736620903015
0.014029324986040592
0.012834013439714909
0.021082760766148567
0.01628963090479374
0.020531896501779556
0.013717920519411564
0.016317544505000114
0.011633293703198433
0.014991187490522861
0.02021535113453865
0.013564885593950748
0.008837863802909851
0.020898032933473587
0.015415025874972343
0.016009703278541565
0.013761243782937527
0.016856208443641663
0.013211667537689209
0.014786276035010815
0.012092547491192818
0.013828161172568798
0.007137976121157408
0.012437840923666954
0.023911772295832634
0.016007011756300926
0.011282112449407578
0.010204587131738663
0.014063718728721142
0.01662198081612587
0.017947092652320862
0.008974447846412659
0.01624942757189274
0.01894516684114933
0.018040679395198822
0.01921631582081318
0.015685152262449265
0.019063014537096024
0.01371064130216837
0.016186654567718506
0.013839729130268097
0.013154661282896996
0.019788293167948723
0.02267387881875038
0.008764897473156452
0.011585237458348274
0.01800365000963211
0.0064522321335971355
0.029967376962304115
0.012030137702822685
0.016336601227521896
0.012211374007165432
0.019568420946598053
0.02322101779282093
0.023504365235567093
0.014224004000425339
0.01582023873925209
0.02092497982084751
0.01029497291892767
0.01565299928188324
0.01747843250632286
0.017966747283935547
0.021924464032053947
0.01001752819865942
0.016834435984492302
0.0135386036708951
0.00735859340056777
0.013147340156137943
0.016149386763572693
0.017296820878982544
0.0114807253703475
0.025644691661000252
0.022155847400426865
0.01491490751504898
0.009415722452104092
0.012823126278817654
0.021588511765003204
0.021819161251187325
0.02426411584019661
0.028199004009366035
0.011322934180498123
0.01849628984928131
0.011524839326739311
0.018477702513337135
0.018917692825198174
0.01243581436574459
0.018872007727622986
0.014865064062178135
0.020132727921009064
0.017893128097057343
0.012902412563562393
0.019929850473999977
0.013618755154311657
0.007424049079418182
0.016753731295466423
0.020521435886621475
0.01761670596897602
0.01461622305214405
0.010724048130214214
0.02088198997080326
0.013293180614709854
0.017868567258119583
0.013026273809373379
0.014216143637895584
0.019924387335777283
0.020786765962839127
0.009538295678794384
0.013909542933106422
0.015318812802433968
0.01216177735477686
0.010312441736459732
0.02166125364601612
0.017852751538157463
0.020162401720881462
0.024512482807040215
0.014103894121944904
0.015382788144052029
0.014571747742593288
0.01393418200314045
0.011646728962659836
0.02294742874801159
0.01193933840841055
0.023046689108014107
0.01694433204829693
0.019802620634436607
0.018166949972510338
0.012665236368775368
0.007109723519533873
0.015516000799834728
0.016050299629569054
0.015287046320736408
0.020845796912908554
0.02315538376569748
0.011694437824189663
0.023326164111495018
0.016405925154685974
0.0344039648771286
0.021077215671539307
0.0227527916431427
0.02659647911787033
0.02085343562066555
0.015414698980748653
0.024233873933553696
0.015205331146717072
0.02775394916534424
0.015043525956571102
0.014284295029938221
0.012739038094878197
0.015458041802048683
0.023913661018013954
0.023727761581540108
0.020478220656514168
0.01572319120168686
0.009386059828102589
0.015332408249378204
0.02395416609942913
0.022246096283197403
0.01802828721702099
0.0165373757481575
0.018272042274475098
0.013716292567551136
0.013662600889801979
0.019394315779209137
0.024640744552016258
0.019255362451076508
0.022732149809598923
0.013920370489358902
0.01876603253185749
0.022471947595477104
0.006425502710044384
0.01549926120787859
0.010928066447377205
0.008047741837799549
0.019906001165509224
0.015084152109920979
0.01768547110259533
0.009125018492341042
0.02885165438055992
0.027866313233971596
0.009989915415644646
0.016091546043753624
0.0205309446901083
0.011491314508020878
0.014936277642846107
0.011305984109640121
0.002714350586757064
0.022794421762228012
0.01052121352404356
0.00741359731182456
0.01868094690144062
0.019686022773385048
0.01839185506105423
0.013060123659670353
0.023705538362264633
0.028392290696501732
0.017904896289110184
0.015882691368460655
0.023928266018629074
0.008629893884062767
0.01658766157925129
0.016553891822695732
0.019233152270317078
0.026210453361272812
0.013508068397641182
0.008448053151369095
0.011619232594966888
0.017254097387194633
0.018926074728369713
0.016651645302772522
0.02181633748114109
0.007442225702106953
0.015137956477701664
0.020913036540150642
0.014275604858994484
0.014620325528085232
0.0186644047498703
0.02817823737859726
0.015264574438333511
0.011562942527234554
0.012023791670799255
0.01251150481402874
0.010528619401156902
0.01743434928357601
0.015328300185501575
0.025506775826215744
0.014048983342945576
0.011786040849983692
0.009968390688300133
0.023103006184101105
0.016519581899046898
0.023572023957967758
0.013179965317249298
0.01753043197095394
0.009871070273220539
0.019522685557603836
0.012360581196844578
0.01743115670979023
0.015368376858532429
0.005044626072049141
0.014452430419623852
0.016510210931301117
0.013656418770551682
0.011038990691304207
0.02158050797879696
0.01959945634007454
0.011080678552389145
0.020454075187444687
0.026980135589838028
0.011909197084605694
0.015164921060204506
0.0206973347812891
0.010996825061738491
0.012305897660553455
0.02378128282725811
0.015261384658515453
0.00711224926635623
0.012338267639279366
0.013040083460509777
0.011407897807657719
0.016057349741458893
0.019793733954429626
0.009584031999111176
0.020822566002607346
0.011023114435374737
0.015481483191251755
0.015326878987252712
0.0085980836302042
0.019875044003129005
0.019059475511312485
0.017737437039613724
0.00865867454558611
0.017229238525032997
0.015072185546159744
0.011353135108947754
0.007960033603012562
0.015352961607277393
0.012314436957240105
0.009594878181815147
0.011556826531887054
0.015171551145613194
0.011029787361621857
0.013216773048043251
0.01700369082391262
0.006004231981933117
0.015333473682403564
0.010607349686324596
0.014711533673107624
0.008550675585865974
0.014851233921945095
0.013740952126681805
0.018341392278671265
0.017799247056245804
0.014909026212990284
0.022439146414399147
0.013228168711066246
0.009198273532092571
0.016317684203386307
0.010444541461765766
0.012775745242834091
0.006530172191560268
0.015650417655706406
0.011738776229321957
0.01439316850155592
0.016087606549263
0.020317871123552322
0.013913803733885288
0.008247210644185543
0.011563950218260288
0.007417052052915096
0.011059889569878578
0.011910959146916866
0.01768626645207405
0.009259434416890144
0.013843118213117123
0.017260927706956863
0.018813233822584152
0.00953227374702692
0.015262706205248833
0.009269705973565578
0.0108453668653965
0.015467742457985878
0.005459028296172619
0.01958766207098961
0.012459724210202694
0.01480262354016304
0.00959542766213417
0.018172675743699074
0.014463516883552074
0.010816771537065506
0.011038373224437237
0.010324348695576191
0.016137996688485146
0.012571397237479687
0.011698799207806587
0.01937558874487877
0.012304108589887619
0.013927962630987167
0.016323646530508995
0.011720492504537106
0.014698361046612263
0.01386850606650114
0.014172685332596302
0.013468091376125813
0.02066933363676071
0.012472976930439472
0.012987099587917328
0.017676858231425285
0.011350161395967007
0.013259313069283962
0.015948692336678505
0.016070030629634857
0.015779690816998482
0.007852901704609394
0.008933612145483494
0.019029388204216957
0.011195016093552113
0.021212270483374596
0.01472380943596363
0.01498011127114296
0.010043296031653881
0.012330946512520313
0.018668444827198982
0.013394647277891636
0.009700092487037182
0.011234523728489876
0.01208600215613842
0.01328058447688818
0.010270832106471062
0.005204644054174423
0.020144030451774597
0.010817840695381165
0.012128419242799282
0.010003524832427502
0.006880076136440039
0.010727163404226303
0.010739552788436413
0.014439508318901062
0.0138570386916399
0.01449053455144167
0.007913841865956783
0.01026331726461649
0.018619226291775703
0.013034655712544918
0.02043917402625084
0.01654859073460102
0.013411336578428745
0.010921374894678593
0.01202656514942646
0.014533978886902332
0.015084467828273773
0.00803407933562994
0.009488624520599842
0.010843790136277676
0.024845082312822342
0.014192026108503342
0.009959060698747635
0.009405751712620258
0.01992908865213394
0.0200860146433115
0.011811411939561367
0.017740318551659584
0.011333290487527847
0.009073102846741676
0.016843929886817932
0.01307401992380619
0.016418855637311935
0.010558497160673141
0.012621729634702206
0.009310679510235786
0.012619836255908012
0.016106603667140007
0.010202020406723022
0.00661346735432744
0.01692911423742771
0.012814868241548538
0.012314093299210072
0.010339733213186264
0.013567364774644375
0.010370904579758644
0.012474949471652508
0.009056533686816692
0.010646026581525803
0.005385705269873142
0.01021021232008934
0.01905667595565319
0.012297378852963448
0.00890892744064331
0.00846178364008665
0.011370939202606678
0.01285851001739502
0.014070595614612103
0.006440158002078533
0.01179075799882412
0.014958437532186508
0.014236868359148502
0.015391328372061253
0.012312529608607292
0.015201098285615444
0.010835989378392696
0.013486078940331936
0.010701416991651058
0.009567550383508205
0.01532729435712099
0.01760868728160858
0.005957112647593021
0.009000206366181374
0.013002324849367142
0.004530320409685373
0.02378094010055065
0.008883479982614517
0.013552360236644745
0.009284183382987976
0.015105865895748138
0.01856905035674572
0.018370473757386208
0.01180373877286911
0.012252732180058956
0.016457704827189445
0.007965046912431717
0.011473575606942177
0.013264902867376804
0.014299257658421993
0.018617942929267883
0.008318227715790272
0.01310578640550375
0.009957762435078621
0.005534266121685505
0.009062775410711765
0.012538525275886059
0.012955873273313046
0.00919449981302023
0.02269073575735092
0.01725396327674389
0.011287596076726913
0.0072304136119782925
0.010212937369942665
0.017643222585320473
0.017748525366187096
0.0193241685628891
0.02439064532518387
0.008451275527477264
0.015331161208450794
0.009406102821230888
0.014750685542821884
0.015480559319257736
0.009736873209476471
0.016229182481765747
0.012406330555677414
0.017017461359500885
0.013424335047602654
0.011218554340302944
0.016884496435523033
0.009691369719803333
0.0054110451601445675
0.012975122779607773
0.017620014026761055
0.014419595710933208
0.011360075324773788
0.007870567962527275
0.017763493582606316
0.010515308007597923
0.01422384474426508
0.009726726450026035
0.011382073163986206
0.01652834750711918
0.015529263764619827
0.006996494717895985
0.01101104449480772
0.01161104440689087
0.009028615429997444
0.007723758462816477
0.017108019441366196
0.014309610240161419
0.017238136380910873
0.019143057987093925
0.011316269636154175
0.011937079019844532
0.011742519214749336
0.010678788647055626
0.00874232780188322
0.018246933817863464
0.008488686755299568
0.01719195768237114
0.01329072192311287
0.014553599990904331
0.01429595984518528
0.009958968497812748
0.004574383143335581
0.01116943359375
0.011980462819337845
0.011918515898287296
0.01580795645713806
0.01885172352194786
0.008791611529886723
0.019005144014954567
0.01294647715985775
0.028412573039531708
0.01774175465106964
0.018542136996984482
0.020415909588336945
0.015929970890283585
0.011991520412266254
0.019404759630560875
0.012289908714592457
0.02296273410320282
0.01217225193977356
0.011587767861783504
0.009314898401498795
0.012778639793395996
0.02000284008681774
0.018223652616143227
0.01729292795062065
0.013366996310651302
0.007074928842484951
0.012369434349238873
0.02001872844994068
0.018374036997556686
0.014628666453063488
0.013448921032249928
0.015261754393577576
0.01020713523030281
0.011159101501107216
0.015697767958045006
0.019620273262262344
0.014988608658313751
0.01868155598640442
0.008818442933261395
0.015466920100152493
0.018768159672617912
0.004397861659526825
0.011892377398908138
0.00870830100029707
0.006213202606886625
0.01602710783481598
0.011958299204707146
0.014370758086442947
0.006865967530757189
0.023189496248960495
0.021745674312114716
0.007738434709608555
0.012443805113434792
0.017028236761689186
0.008914634585380554
0.012654226273298264
0.009190796874463558
0.001696311286650598
0.018517816439270973
0.007887609302997589
0.00537335779517889
0.014344902709126472
0.015470176003873348
0.014623316004872322
0.010038395412266254
0.019073281437158585
0.02147756516933441
0.014708120375871658
0.011636597104370594
0.0195551048964262
0.00658654747530818
0.013522100634872913
0.014261866919696331
0.016628043726086617
0.022057123482227325
0.01089372020214796
0.007981060072779655
0.00953416433185339
0.013681001029908657
0.014135756529867649
0.013551350682973862
0.01854766719043255
0.005817966535687447
0.012374361976981163
0.01713753305375576
0.011954647488892078
0.010855461470782757
0.01503195520490408
0.024852482602000237
0.012018002569675446
0.008454659953713417
0.009511441923677921
0.00940491072833538
0.008647195994853973
0.014377445913851261
0.012094689533114433
0.02075955644249916
0.011923561803996563
0.009104423224925995
0.007241923827677965
0.01908171735703945
0.013493183068931103
0.018692871555685997
0.010637938044965267
0.01288125105202198
0.007038729730993509
0.014023001305758953
0.009564176201820374
0.014313855208456516
0.012044333852827549
0.0040800017304718494
0.011151760816574097
0.012235202826559544
0.010371667332947254
0.008614334277808666
0.017664102837443352
0.015631545335054398
0.008285772986710072
0.016055801883339882
0.021821174770593643
0.009009632281959057
0.01162746548652649
0.01669584959745407
0.008110244758427143
0.009923155419528484
0.01908339560031891
0.012244702316820621
0.005476284306496382
0.009845508262515068
0.010041370056569576
0.009110337123274803
0.013034290634095669
0.01580461673438549
0.007492491975426674
0.017913734540343285
0.008037537336349487
0.01267350371927023
0.012734213843941689
0.006283094175159931
0.015956321731209755
0.01566149666905403
0.014199198223650455
0.006561999674886465
0.013678162358701229
0.012158825993537903
0.007977460511028767
0.0067008198238909245
0.01220676302909851
